 9.999592900E-01
 1.000000000E+00
 1.000000000E+00
 1.000000000E+00
 1.000000000E+00
 1.000000000E+00
 1.000000000E+00
 1.000000000E+00
 1.000000000E+00
 1.000000000E+00
 1.000000000E+00
 1.000000000E+00
 1.000000000E+00
 1.000000000E+00
 1.000000000E+00
 1.000000000E+00
 1.000000000E+00
 1.000000000E+00
 1.000000000E+00
 1.000000000E+00
 1.000000000E+00
 1.000000000E+00
 1.000000000E+00
 1.000870824E+00
 1.016004205E+00
 1.017325521E+00
 1.019849181E+00
 1.023501754E+00
 1.028216243E+00
 1.033688903E+00
 1.039565206E+00
 1.045540571E+00
 1.051389813E+00
 1.056961775E+00
 1.062163234E+00
 1.066943169E+00
 1.071480989E+00
 1.076174378E+00
 1.081182361E+00
 1.086399317E+00
 1.091636658E+00
 1.096590281E+00
 1.100818634E+00
 1.103773832E+00
 1.104990005E+00
 1.104628325E+00
 1.104563832E+00
 1.104530096E+00
 1.049545169E+00
 1.053328514E+00
 1.060554624E+00
 1.071257114E+00
 1.085194945E+00
 1.101414442E+00
 1.118819833E+00
 1.136479497E+00
 1.153713346E+00
 1.170071244E+00
 1.185281277E+00
 1.199201107E+00
 1.212354422E+00
 1.225885272E+00
 1.240230799E+00
 1.255055189E+00
 1.269784808E+00
 1.283527255E+00
 1.295022011E+00
 1.302733541E+00
 1.305359483E+00
 1.303313851E+00
 1.301895738E+00
 1.301152945E+00
 1.085953474E+00
 1.091809630E+00
 1.102994800E+00
 1.120226741E+00
 1.142992020E+00
 1.169549108E+00
 1.197956204E+00
 1.226604462E+00
 1.254353166E+00
 1.280475497E+00
 1.304556489E+00
 1.326402426E+00
 1.346856356E+00
 1.367686629E+00
 1.389519334E+00
 1.411773562E+00
 1.433520079E+00
 1.453384876E+00
 1.469498277E+00
 1.479626298E+00
 1.481837153E+00
 1.476546407E+00
 1.471457005E+00
 1.468791127E+00
 1.124964952E+00
 1.132508516E+00
 1.146916747E+00
 1.170233369E+00
 1.201500416E+00
 1.237972617E+00
 1.276713848E+00
 1.315379977E+00
 1.352379680E+00
 1.386759400E+00
 1.418029666E+00
 1.446017742E+00
 1.471865535E+00
 1.497808456E+00
 1.524561048E+00
 1.551320553E+00
 1.576903343E+00
 1.599669814E+00
 1.617495894E+00
 1.627894878E+00
 1.628626227E+00
 1.619812012E+00
 1.610107422E+00
 1.605024099E+00
 1.166183591E+00
 1.175064087E+00
 1.192025900E+00
 1.221061110E+00
 1.260502815E+00
 1.306323290E+00
 1.354432225E+00
 1.401717186E+00
 1.446190238E+00
 1.486768484E+00
 1.522999048E+00
 1.554836154E+00
 1.583705068E+00
 1.612133265E+00
 1.640837550E+00
 1.668872476E+00
 1.694968820E+00
 1.717506409E+00
 1.734509468E+00
 1.743702173E+00
 1.742867947E+00
 1.731589437E+00
 1.717926621E+00
 1.710770011E+00
 1.209125161E+00
 1.219035625E+00
 1.237964630E+00
 1.272369742E+00
 1.319535017E+00
 1.373849750E+00
 1.429943085E+00
 1.483964920E+00
 1.533651233E+00
 1.577942967E+00
 1.616572261E+00
 1.649743795E+00
 1.679151177E+00
 1.707445860E+00
 1.735298514E+00
 1.761746049E+00
 1.785628796E+00
 1.805611014E+00
 1.820179105E+00
 1.827585578E+00
 1.825866222E+00
 1.813936234E+00
 1.798031092E+00
 1.789699912E+00
 1.253247380E+00
 1.263913631E+00
 1.284286141E+00
 1.323622227E+00
 1.377790928E+00
 1.439339638E+00
 1.501576066E+00
 1.560035467E+00
 1.612371087E+00
 1.657743096E+00
 1.696227670E+00
 1.728389859E+00
 1.756164551E+00
 1.782185435E+00
 1.807069659E+00
 1.829971194E+00
 1.850002766E+00
 1.866279840E+00
 1.877893090E+00
 1.883725166E+00
 1.882147193E+00
 1.871421695E+00
 1.855299234E+00
 1.846854210E+00
 1.297965765E+00
 1.309120417E+00
 1.330425739E+00
 1.374029875E+00
 1.434074998E+00
 1.501128912E+00
 1.567269564E+00
 1.627640724E+00
 1.680056930E+00
 1.724093795E+00
 1.760297656E+00
 1.789652586E+00
 1.814281344E+00
 1.836694837E+00
 1.857472777E+00
 1.875989676E+00
 1.891715765E+00
 1.904256940E+00
 1.913280249E+00
 1.918222904E+00
 1.917759299E+00
 1.909627080E+00
 1.895017743E+00
 1.887365222E+00
 1.342655897E+00
 1.354005575E+00
 1.375683546E+00
 1.422540069E+00
 1.486832261E+00
 1.557216644E+00
 1.624795675E+00
 1.684619546E+00
 1.734900117E+00
 1.775764942E+00
 1.808275580E+00
 1.833813906E+00
 1.854609132E+00
 1.872980475E+00
 1.889492512E+00
 1.903782487E+00
 1.915678263E+00
 1.925213218E+00
 1.932501793E+00
 1.937374115E+00
 1.938719273E+00
 1.933921218E+00
 1.921959281E+00
 1.915693521E+00
 1.386649370E+00
 1.397851110E+00
 1.419246435E+00
 1.467908025E+00
 1.534297109E+00
 1.605508566E+00
 1.672083020E+00
 1.729287386E+00
 1.775880814E+00
 1.812559247E+00
 1.840832233E+00
 1.862377882E+00
 1.879432559E+00
 1.894091725E+00
 1.906918287E+00
 1.917796135E+00
 1.926851273E+00
 1.934436321E+00
 1.940964937E+00
 1.946499944E+00
 1.950044394E+00
 1.948766232E+00
 1.939965129E+00
 1.935355067E+00
 1.427120566E+00
 1.437878013E+00
 1.458424807E+00
 1.507152796E+00
 1.573177338E+00
 1.642727017E+00
 1.706318617E+00
 1.759660482E+00
 1.802035570E+00
 1.834558487E+00
 1.859006524E+00
 1.877193809E+00
 1.891277552E+00
 1.903139830E+00
 1.913343668E+00
 1.921963453E+00
 1.929341435E+00
 1.936051369E+00
 1.942702770E+00
 1.949495077E+00
 1.955480933E+00
 1.957707763E+00
 1.952329397E+00
 1.949512124E+00
 1.461096168E+00
 1.471281290E+00
 1.490734935E+00
 1.538095832E+00
 1.601680279E+00
 1.667677522E+00
 1.727110505E+00
 1.776237369E+00
 1.814711452E+00
 1.843828797E+00
 1.865417719E+00
 1.881269813E+00
 1.893409014E+00
 1.903542042E+00
 1.912227035E+00
 1.919661164E+00
 1.926330566E+00
 1.932970166E+00
 1.940347672E+00
 1.948779225E+00
 1.957345366E+00
 1.963016510E+00
 1.961247921E+00
 1.960321546E+00
 1.488960981E+00
 1.498580337E+00
 1.516953349E+00
 1.562070847E+00
 1.621776342E+00
 1.682916880E+00
 1.737468123E+00
 1.782311559E+00
 1.817327380E+00
 1.843790650E+00
 1.863404393E+00
 1.877814293E+00
 1.888871789E+00
 1.898143291E+00
 1.906174421E+00
 1.913221240E+00
 1.919854760E+00
 1.926933885E+00
 1.935386062E+00
 1.945669174E+00
 1.956885099E+00
 1.965857267E+00
 1.967557907E+00
 1.968448758E+00
 1.512817860E+00
 1.521905661E+00
 1.539263368E+00
 1.581591010E+00
 1.636336327E+00
 1.691577315E+00
 1.740611911E+00
 1.781015158E+00
 1.812801600E+00
 1.837088943E+00
 1.855330825E+00
 1.868934631E+00
 1.879545808E+00
 1.888611913E+00
 1.896655083E+00
 1.903933287E+00
 1.911041856E+00
 1.918923259E+00
 1.928670645E+00
 1.940940142E+00
 1.954887033E+00
 1.967055559E+00
 1.971838236E+00
 1.974343419E+00
 1.534908652E+00
 1.543518424E+00
 1.559963107E+00
 1.599139810E+00
 1.648049951E+00
 1.696527362E+00
 1.739457130E+00
 1.775142908E+00
 1.803682446E+00
 1.825965643E+00
 1.843129635E+00
 1.856287360E+00
 1.866851330E+00
 1.876162291E+00
 1.884712458E+00
 1.892712712E+00
 1.900715709E+00
 1.909680724E+00
 1.920847178E+00
 1.935142517E+00
 1.951889515E+00
 1.967279553E+00
 1.974814177E+00
 1.978760839E+00
 1.558099866E+00
 1.566472173E+00
 1.582463384E+00
 1.618364334E+00
 1.660726786E+00
 1.701748967E+00
 1.738044262E+00
 1.768620729E+00
 1.793635726E+00
 1.813741565E+00
 1.829751134E+00
 1.842468977E+00
 1.853060722E+00
 1.862761855E+00
 1.872037053E+00
 1.881024361E+00
 1.890170097E+00
 1.900353551E+00
 1.912881136E+00
 1.929000020E+00
 1.948414445E+00
 1.967058182E+00
 1.977205038E+00
 1.982519984E+00
 1.586844802E+00
 1.595974445E+00
 1.613412142E+00
 1.646493196E+00
 1.681817651E+00
 1.714853525E+00
 1.743994355E+00
 1.768892169E+00
 1.789767265E+00
 1.807078123E+00
 1.821358442E+00
 1.833134532E+00
 1.843321085E+00
 1.853026748E+00
 1.862693667E+00
 1.872398973E+00
 1.882452011E+00
 1.893551350E+00
 1.906916976E+00
 1.924072266E+00
 1.945399404E+00
 1.966953754E+00
 1.979605556E+00
 1.986232638E+00
 1.630756736E+00
 1.642843843E+00
 1.665930152E+00
 1.696777463E+00
 1.724598765E+00
 1.749136090E+00
 1.770506144E+00
 1.788916111E+00
 1.804663062E+00
 1.818079948E+00
 1.829499245E+00
 1.839231133E+00
 1.847934246E+00
 1.856520295E+00
 1.865391970E+00
 1.874604821E+00
 1.884353876E+00
 1.895106077E+00
 1.907802939E+00
 1.924014926E+00
 1.945066333E+00
 1.967986465E+00
 1.982521415E+00
 1.990134954E+00
 1.717484117E+00
 1.732234359E+00
 1.760407329E+00
 1.785983205E+00
 1.804959416E+00
 1.820316434E+00
 1.833303094E+00
 1.844447017E+00
 1.854068041E+00
 1.862406611E+00
 1.869658589E+00
 1.875985861E+00
 1.881780982E+00
 1.887645006E+00
 1.893874168E+00
 1.900521517E+00
 1.907704949E+00
 1.915677428E+00
 1.924967408E+00
 1.936692119E+00
 1.952780843E+00
 1.972592354E+00
 1.986662388E+00
 1.994032383E+00
 1.893148184E+00
 1.899657845E+00
 1.912091255E+00
 1.922273040E+00
 1.929211259E+00
 1.934474230E+00
 1.938788652E+00
 1.942449689E+00
 1.945607781E+00
 1.948358417E+00
 1.950770259E+00
 1.952894926E+00
 1.954860330E+00
 1.956870079E+00
 1.959030032E+00
 1.961361527E+00
 1.963902593E+00
 1.966725588E+00
 1.969973683E+00
 1.973947644E+00
 1.979351997E+00
 1.986933708E+00
 1.993671417E+00
 1.997200727E+00
 1.988718510E+00
 2.000000000E+00
 2.000000000E+00
 2.000000000E+00
 2.000000000E+00
 2.000000000E+00
 2.000000000E+00
 2.000000000E+00
 2.000000000E+00
 2.000000000E+00
 2.000000000E+00
 2.000000000E+00
 2.000000000E+00
 2.000000000E+00
 2.000000000E+00
 2.000000000E+00
 2.000000000E+00
 2.000000000E+00
 2.000000000E+00
 2.000000000E+00
 2.000000000E+00
 2.000000000E+00
 2.000000000E+00
 1.999428868E+00