 9.999544621E-01
 1.000000000E+00
 1.000000000E+00
 1.000000000E+00
 1.000000000E+00
 1.000000000E+00
 1.000000000E+00
 1.000000000E+00
 1.000000000E+00
 1.000000000E+00
 1.000000000E+00
 1.000000000E+00
 1.000000000E+00
 1.000000000E+00
 1.000000000E+00
 1.000000000E+00
 1.000000000E+00
 1.000000000E+00
 1.000000000E+00
 1.000000000E+00
 1.000000000E+00
 1.000000000E+00
 1.000000000E+00
 1.000948191E+00
 1.017902732E+00
 1.019391537E+00
 1.022235155E+00
 1.026141882E+00
 1.030934930E+00
 1.036298275E+00
 1.041920304E+00
 1.047553658E+00
 1.053023815E+00
 1.058217049E+00
 1.063066006E+00
 1.067535281E+00
 1.071784735E+00
 1.076186895E+00
 1.080946922E+00
 1.086101413E+00
 1.091609001E+00
 1.097062588E+00
 1.101910233E+00
 1.105432630E+00
 1.106899858E+00
 1.106207848E+00
 1.105443001E+00
 1.105042338E+00
 1.055422425E+00
 1.059681058E+00
 1.067815065E+00
 1.079197526E+00
 1.093253493E+00
 1.108995080E+00
 1.125472188E+00
 1.141947031E+00
 1.157909751E+00
 1.173037887E+00
 1.187146664E+00
 1.200149298E+00
 1.212484241E+00
 1.225195289E+00
 1.238866687E+00
 1.253528595E+00
 1.268751264E+00
 1.283472061E+00
 1.296258092E+00
 1.305307031E+00
 1.308834672E+00
 1.306588292E+00
 1.303806305E+00
 1.302349091E+00
 1.096145153E+00
 1.102701426E+00
 1.115223885E+00
 1.133325696E+00
 1.155909896E+00
 1.181218028E+00
 1.207624197E+00
 1.233910561E+00
 1.259264350E+00
 1.283187747E+00
 1.305405498E+00
 1.325796723E+00
 1.345000386E+00
 1.364569306E+00
 1.385343313E+00
 1.407208085E+00
 1.429177761E+00
 1.449805617E+00
 1.467194796E+00
 1.479017138E+00
 1.482939959E+00
 1.478442311E+00
 1.472511053E+00
 1.469404221E+00
 1.139665723E+00
 1.148027539E+00
 1.163998604E+00
 1.188045859E+00
 1.218387365E+00
 1.252365112E+00
 1.287631392E+00
 1.322495461E+00
 1.355869174E+00
 1.387108922E+00
 1.415874839E+00
 1.442031145E+00
 1.466355443E+00
 1.490734220E+00
 1.516106844E+00
 1.542095542E+00
 1.567360759E+00
 1.590364575E+00
 1.609168172E+00
 1.621432185E+00
 1.624712944E+00
 1.618081927E+00
 1.608652949E+00
 1.603713989E+00
 1.185364008E+00
 1.195056677E+00
 1.213569760E+00
 1.242817402E+00
 1.280115247E+00
 1.321761370E+00
 1.364641190E+00
 1.406602740E+00
 1.446315289E+00
 1.483029962E+00
 1.516384840E+00
 1.546273828E+00
 1.573584080E+00
 1.600377798E+00
 1.627575994E+00
 1.654548287E+00
 1.679916739E+00
 1.702316642E+00
 1.720095754E+00
 1.731270432E+00
 1.733603835E+00
 1.725722313E+00
 1.713570595E+00
 1.707205415E+00
 1.232442141E+00
 1.243031621E+00
 1.263257623E+00
 1.296972513E+00
 1.340346813E+00
 1.388502598E+00
 1.437536359E+00
 1.484867454E+00
 1.528978348E+00
 1.569080591E+00
 1.604860783E+00
 1.636312842E+00
 1.664434671E+00
 1.691344976E+00
 1.717889428E+00
 1.743293285E+00
 1.766424179E+00
 1.786265373E+00
 1.801629901E+00
 1.811061025E+00
 1.812697172E+00
 1.804788709E+00
 1.791332245E+00
 1.784283638E+00
 1.279983640E+00
 1.291081190E+00
 1.312277436E+00
 1.349680185E+00
 1.398103595E+00
 1.451412797E+00
 1.504937053E+00
 1.555735230E+00
 1.602189779E+00
 1.643564820E+00
 1.679684520E+00
 1.710720420E+00
 1.737798095E+00
 1.763013840E+00
 1.787135601E+00
 1.809366107E+00
 1.829009771E+00
 1.845455527E+00
 1.858010769E+00
 1.865750551E+00
 1.867221832E+00
 1.860431790E+00
 1.847196102E+00
 1.840263128E+00
 1.327016115E+00
 1.338266134E+00
 1.359753728E+00
 1.399942517E+00
 1.452181220E+00
 1.509086728E+00
 1.565302014E+00
 1.617631674E+00
 1.664468408E+00
 1.705230594E+00
 1.739962578E+00
 1.769071937E+00
 1.793819666E+00
 1.816230655E+00
 1.837013125E+00
 1.855487108E+00
 1.871401668E+00
 1.884527802E+00
 1.894599319E+00
 1.901127577E+00
 1.903014064E+00
 1.898161769E+00
 1.886396289E+00
 1.880233407E+00
 1.372578144E+00
 1.383636355E+00
 1.404757619E+00
 1.446637392E+00
 1.501221538E+00
 1.560006857E+00
 1.617094278E+00
 1.669167042E+00
 1.714737177E+00
 1.753457308E+00
 1.785639644E+00
 1.811942577E+00
 1.833747268E+00
 1.852975607E+00
 1.870292425E+00
 1.885250211E+00
 1.897910595E+00
 1.908364058E+00
 1.916665554E+00
 1.922633529E+00
 1.925429463E+00
 1.922953129E+00
 1.913458824E+00
 1.908485651E+00
 1.415810466E+00
 1.426314712E+00
 1.446377754E+00
 1.488619685E+00
 1.543854475E+00
 1.602722168E+00
 1.658980608E+00
 1.709323883E+00
 1.752458215E+00
 1.788298726E+00
 1.817415953E+00
 1.840683222E+00
 1.859561920E+00
 1.875855684E+00
 1.890198827E+00
 1.902353644E+00
 1.912609935E+00
 1.921287537E+00
 1.928656340E+00
 1.934721708E+00
 1.938800693E+00
 1.938831329E+00
 1.931960464E+00
 1.928361416E+00
 1.454122424E+00
 1.463740110E+00
 1.482109904E+00
 1.523307443E+00
 1.577480316E+00
 1.634803891E+00
 1.688926935E+00
 1.736649752E+00
 1.776876807E+00
 1.809735894E+00
 1.835981011E+00
 1.856619239E+00
 1.873144388E+00
 1.887246609E+00
 1.899535537E+00
 1.909904003E+00
 1.918783426E+00
 1.926649809E+00
 1.933917046E+00
 1.940696120E+00
 1.946372867E+00
 1.948940396E+00
 1.944923639E+00
 1.942819595E+00
 1.486078143E+00
 1.494662285E+00
 1.511057973E+00
 1.550133824E+00
 1.601843834E+00
 1.656349540E+00
 1.707443595E+00
 1.752106071E+00
 1.789402008E+00
 1.819580674E+00
 1.843475699E+00
 1.862134218E+00
 1.877039194E+00
 1.889786363E+00
 1.900966644E+00
 1.910567522E+00
 1.918999791E+00
 1.926879644E+00
 1.934742332E+00
 1.942759871E+00
 1.950317144E+00
 1.955436468E+00
 1.954445004E+00
 1.953925729E+00
 1.513478756E+00
 1.520983100E+00
 1.535316467E+00
 1.571506500E+00
 1.619641185E+00
 1.670280337E+00
 1.717606068E+00
 1.758851171E+00
 1.793209314E+00
 1.820965528E+00
 1.842934012E+00
 1.860119462E+00
 1.873957038E+00
 1.885967135E+00
 1.896726370E+00
 1.906308770E+00
 1.914983511E+00
 1.923491120E+00
 1.932487845E+00
 1.942185163E+00
 1.951893210E+00
 1.959542155E+00
 1.961421728E+00
 1.962406278E+00
 1.538965583E+00
 1.545308113E+00
 1.557422400E+00
 1.590140820E+00
 1.633804560E+00
 1.679689407E+00
 1.722569227E+00
 1.759988189E+00
 1.791270494E+00
 1.816680551E+00
 1.836924672E+00
 1.852904558E+00
 1.865978956E+00
 1.877603889E+00
 1.888336778E+00
 1.898329616E+00
 1.907738924E+00
 1.917336345E+00
 1.927904844E+00
 1.939686656E+00
 1.951853514E+00
 1.962050676E+00
 1.966438770E+00
 1.968737245E+00
 1.565096259E+00
 1.570207953E+00
 1.579971313E+00
 1.608819008E+00
 1.647342086E+00
 1.687769890E+00
 1.725614071E+00
 1.758690476E+00
 1.786555171E+00
 1.809484720E+00
 1.827930093E+00
 1.842707992E+00
 1.855076551E+00
 1.866419077E+00
 1.877231836E+00
 1.887616396E+00
 1.898078561E+00
 1.909039140E+00
 1.921483040E+00
 1.935685158E+00
 1.950668812E+00
 1.963573337E+00
 1.970171928E+00
 1.973628283E+00
 1.594845176E+00
 1.598790407E+00
 1.606325865E+00
 1.631203771E+00
 1.664209366E+00
 1.698726892E+00
 1.731201530E+00
 1.759193063E+00
 1.782928944E+00
 1.802747369E+00
 1.819105268E+00
 1.832574010E+00
 1.844203830E+00
 1.855176210E+00
 1.865897179E+00
 1.876505613E+00
 1.887581706E+00
 1.899667501E+00
 1.913938046E+00
 1.930593967E+00
 1.948662281E+00
 1.964548469E+00
 1.973248482E+00
 1.977805614E+00
 1.632316828E+00
 1.635573268E+00
 1.641793132E+00
 1.663212538E+00
 1.690792203E+00
 1.718807459E+00
 1.744355679E+00
 1.766687155E+00
 1.785894990E+00
 1.802256942E+00
 1.816126466E+00
 1.827902913E+00
 1.838442087E+00
 1.848727942E+00
 1.859068394E+00
 1.869566798E+00
 1.880634189E+00
 1.893104792E+00
 1.907785177E+00
 1.925394893E+00
 1.946251154E+00
 1.965309024E+00
 1.976158023E+00
 1.981840849E+00
 1.684167266E+00
 1.688012242E+00
 1.695356131E+00
 1.714824557E+00
 1.736048460E+00
 1.756336927E+00
 1.774723768E+00
 1.790965796E+00
 1.805160403E+00
 1.817506909E+00
 1.828243017E+00
 1.837632537E+00
 1.846343517E+00
 1.855151534E+00
 1.864275455E+00
 1.873786449E+00
 1.883914113E+00
 1.895187259E+00
 1.908717752E+00
 1.925279617E+00
 1.945258141E+00
 1.966254354E+00
 1.979269147E+00
 1.986086369E+00
 1.763311386E+00
 1.769535184E+00
 1.781422734E+00
 1.797678471E+00
 1.811916113E+00
 1.824495912E+00
 1.835637927E+00
 1.845476389E+00
 1.854157329E+00
 1.861827850E+00
 1.868633509E+00
 1.874730349E+00
 1.880569100E+00
 1.886671185E+00
 1.893175960E+00
 1.900144458E+00
 1.907701015E+00
 1.916033983E+00
 1.925532460E+00
 1.937436461E+00
 1.952548862E+00
 1.969918251E+00
 1.983009100E+00
 1.989866138E+00
 1.898486853E+00
 1.903916597E+00
 1.914287448E+00
 1.922924995E+00
 1.928902030E+00
 1.933532596E+00
 1.937405467E+00
 1.940749526E+00
 1.943683028E+00
 1.946283817E+00
 1.948611856E+00
 1.950724363E+00
 1.952788472E+00
 1.954994559E+00
 1.957394719E+00
 1.960022569E+00
 1.962931395E+00
 1.966191173E+00
 1.969793916E+00
 1.973769069E+00
 1.978515983E+00
 1.984177351E+00
 1.989621401E+00
 1.992473006E+00
 1.981673956E+00
 2.000000000E+00
 2.000000000E+00
 2.000000000E+00
 2.000000000E+00
 2.000000000E+00
 2.000000000E+00
 2.000000000E+00
 2.000000000E+00
 2.000000000E+00
 2.000000000E+00
 2.000000000E+00
 2.000000000E+00
 2.000000000E+00
 2.000000000E+00
 2.000000000E+00
 2.000000000E+00
 2.000000000E+00
 2.000000000E+00
 2.000000000E+00
 2.000000000E+00
 2.000000000E+00
 2.000000000E+00
 1.996918201E+00