 0.000000000E+00 0.000000000E+00
 0.000000000E+00 0.000000000E+00
 0.000000000E+00 0.000000000E+00
 0.000000000E+00 0.000000000E+00
 0.000000000E+00 0.000000000E+00
 0.000000000E+00 0.000000000E+00
 0.000000000E+00 0.000000000E+00
 0.000000000E+00 0.000000000E+00
 0.000000000E+00 0.000000000E+00
 0.000000000E+00 0.000000000E+00
 0.000000000E+00 0.000000000E+00
 0.000000000E+00 0.000000000E+00
 0.000000000E+00 0.000000000E+00
 0.000000000E+00 0.000000000E+00
 0.000000000E+00 0.000000000E+00
 0.000000000E+00 0.000000000E+00
 0.000000000E+00 0.000000000E+00
 0.000000000E+00 0.000000000E+00
 0.000000000E+00 0.000000000E+00
 0.000000000E+00 0.000000000E+00
 0.000000000E+00 0.000000000E+00
 0.000000000E+00 0.000000000E+00
 0.000000000E+00 0.000000000E+00
 0.000000000E+00 0.000000000E+00
 0.000000000E+00 0.000000000E+00
 6.287452416E-04 -1.193460630E-04
 -3.387992037E-04 1.126566131E-04
 -2.835849766E-03 2.501583367E-04
 -6.000094116E-03 3.398171975E-04
 -9.429289028E-03 4.151142784E-04
 -1.286934409E-02 4.798400623E-04
 -1.613233984E-02 5.277115270E-04
 -1.907754876E-02 5.514304503E-04
 -2.160858922E-02 5.459997919E-04
 -2.367375046E-02 5.114042433E-04
 -2.526294254E-02 4.540314840E-04
 -2.644390985E-02 3.769461182E-04
 -2.725674398E-02 2.546767937E-04
 -2.755351365E-02 6.528884114E-05
 -2.706828155E-02 -2.075384255E-04
 -2.549095638E-02 -5.664859782E-04
 -2.252738737E-02 -9.839714039E-04
 -1.803109609E-02 -1.375015592E-03
 -1.221747976E-02 -1.566237654E-03
 -5.903266836E-03 -1.293122419E-03
 -6.491612876E-04 -3.175016318E-04
 1.185240573E-03 9.133178391E-04
 0.000000000E+00 0.000000000E+00
 0.000000000E+00 0.000000000E+00
 6.754155620E-04 1.058973157E-05
 -2.646103501E-03 1.817567972E-03
 -9.790652432E-03 3.187717404E-03
 -1.858987473E-02 4.142319318E-03
 -2.790132165E-02 4.797630943E-03
 -3.700751811E-02 5.174727179E-03
 -4.540628940E-02 5.256824661E-03
 -5.275933444E-02 5.030481610E-03
 -5.887262523E-02 4.505355377E-03
 -6.367912143E-02 3.718324937E-03
 -6.721637398E-02 2.726943465E-03
 -6.969329715E-02 1.538158627E-03
 -7.122059911E-02 2.856304491E-05
 -7.146872580E-02 -1.910753781E-03
 -6.986731291E-02 -4.291773774E-03
 -6.577940285E-02 -7.027246058E-03
 -5.862088874E-02 -9.848174639E-03
 -4.809901491E-02 -1.220230665E-02
 -3.459049389E-02 -1.318813767E-02
 -1.960832067E-02 -1.166441012E-02
 -6.280870177E-03 -6.831250619E-03
 4.266200704E-04 -1.837744785E-04
 0.000000000E+00 0.000000000E+00
 0.000000000E+00 0.000000000E+00
 1.637215901E-04 9.433499654E-04
 -6.057809107E-03 5.723151378E-03
 -1.766311564E-02 9.367606603E-03
 -3.140372038E-02 1.183489803E-02
 -4.556424916E-02 1.337375958E-02
 -5.909682438E-02 1.406618766E-02
 -7.130748034E-02 1.392161846E-02
 -8.177286386E-02 1.296341512E-02
 -9.029386193E-02 1.126655936E-02
 -9.685125202E-02 8.958238177E-03
 -1.015610173E-01 6.197720766E-03
 -1.047492102E-01 3.006884828E-03
 -1.065777168E-01 -8.912563790E-04
 -1.066104993E-01 -5.729614757E-03
 -1.041037664E-01 -1.148752123E-02
 -9.822417796E-02 -1.792750508E-02
 -8.817697316E-02 -2.443472296E-02
 -7.347172499E-02 -2.982443944E-02
 -5.436990410E-02 -3.221856803E-02
 -3.252867982E-02 -2.925688215E-02
 -1.197025459E-02 -1.915717497E-02
 -2.621013264E-04 -3.851441201E-03
 0.000000000E+00 0.000000000E+00
 0.000000000E+00 0.000000000E+00
 -5.220780731E-04 3.081379225E-03
 -9.957579896E-03 1.213445142E-02
 -2.587017417E-02 1.877187937E-02
 -4.398266226E-02 2.306146175E-02
 -6.216406822E-02 2.548812330E-02
 -7.918438315E-02 2.627127804E-02
 -9.427723289E-02 2.551169321E-02
 -1.070231199E-01 2.333001792E-02
 -1.172747314E-01 1.991984248E-02
 -1.250874102E-01 1.554044336E-02
 -1.306577772E-01 1.048179064E-02
 -1.344095170E-01 4.780014046E-03
 -1.365580857E-01 -2.036358463E-03
 -1.366076767E-01 -1.035590842E-02
 -1.336900741E-01 -2.013020217E-02
 -1.267984509E-01 -3.098068573E-02
 -1.148930266E-01 -4.195538908E-02
 -9.715830535E-02 -5.121959373E-02
 -7.349907607E-02 -5.580618232E-02
 -4.539202899E-02 -5.180936679E-02
 -1.754781604E-02 -3.581828624E-02
 -6.792981876E-04 -9.360495023E-03
 0.000000000E+00 0.000000000E+00
 0.000000000E+00 0.000000000E+00
 -1.241408638E-03 6.758379750E-03
 -1.394958235E-02 2.145606466E-02
 -3.392768651E-02 3.159213439E-02
 -5.586848408E-02 3.777555376E-02
 -7.735655457E-02 4.090746865E-02
 -9.711766243E-02 4.144945741E-02
 -1.144169718E-01 3.966817260E-02
 -1.289047599E-01 3.583693877E-02
 -1.405163705E-01 3.030479699E-02
 -1.493848115E-01 2.348243073E-02
 -1.557708085E-01 1.579630747E-02
 -1.601724625E-01 7.283897605E-03
 -1.628672779E-01 -2.754637273E-03
 -1.633354127E-01 -1.489534136E-02
 -1.606063098E-01 -2.908965945E-02
 -1.534950286E-01 -4.486422986E-02
 -1.406635046E-01 -6.098854169E-02
 -1.208443269E-01 -7.501406968E-02
 -9.336869419E-02 -8.280527592E-02
 -5.924187601E-02 -7.854504883E-02
 -2.366134338E-02 -5.638514832E-02
 -1.054133172E-03 -1.645407081E-02
 0.000000000E+00 0.000000000E+00
 0.000000000E+00 0.000000000E+00
 -1.929616788E-03 1.223075483E-02
 -1.773160324E-02 3.408011422E-02
 -4.137523472E-02 4.808849469E-02
 -6.655159593E-02 5.606791750E-02
 -9.067189693E-02 5.960181355E-02
 -1.125329435E-01 5.952511355E-02
 -1.315117478E-01 5.634476244E-02
 -1.473697573E-01 5.052774772E-02
 -1.601345092E-01 4.259471968E-02
 -1.700033844E-01 3.310608864E-02
 -1.772754788E-01 2.261316217E-02
 -1.825003624E-01 1.113424264E-02
 -1.860293448E-01 -2.289484488E-03
 -1.873505861E-01 -1.845737919E-02
 -1.854090989E-01 -3.736481816E-02
 -1.788424104E-01 -5.851109326E-02
 -1.659804732E-01 -8.047147840E-02
 -1.450100988E-01 -1.002489030E-01
 -1.144977212E-01 -1.124854386E-01
 -7.465731353E-02 -1.090730503E-01
 -3.082156181E-02 -8.078830689E-02
 -1.562779304E-03 -2.514854632E-02
 0.000000000E+00 0.000000000E+00
 0.000000000E+00 0.000000000E+00
 -2.532072365E-03 1.966799051E-02
 -2.101519518E-02 5.027962103E-02
 -4.771528393E-02 6.843496859E-02
 -7.541815192E-02 7.798632234E-02
 -1.014592126E-01 8.154345304E-02
 -1.247937009E-01 8.046734333E-02
 -1.449648589E-01 7.557267696E-02
 -1.618652046E-01 6.754187495E-02
 -1.756088883E-01 5.706143379E-02
 -1.864373833E-01 4.482138529E-02
 -1.946619600E-01 3.147328645E-02
 -2.008635402E-01 1.699226536E-02
 -2.054792047E-01 1.363424817E-04
 -2.080387622E-01 -2.015266195E-02
 -2.074303031E-01 -4.396693036E-02
 -2.021359652E-01 -7.085833699E-02
 -1.901573986E-01 -9.931112081E-02
 -1.690883934E-01 -1.258787513E-01
 -1.365731955E-01 -1.439794451E-01
 -9.167703241E-02 -1.428779960E-01
 -3.931567445E-02 -1.089521125E-01
 -2.339151921E-03 -3.558595851E-02
 0.000000000E+00 0.000000000E+00
 0.000000000E+00 0.000000000E+00
 -2.988180844E-03 2.911232784E-02
 -2.349196747E-02 7.011029124E-02
 -5.237891153E-02 9.259189665E-02
 -8.170665056E-02 1.033948883E-01
 -1.088261828E-01 1.065573916E-01
 -1.329138875E-01 1.041315421E-01
 -1.537121832E-01 9.729418904E-02
 -1.712504625E-01 8.694287390E-02
 -1.857175082E-01 7.390370965E-02
 -1.973784715E-01 5.896152928E-02
 -2.065343112E-01 4.283475876E-02
 -2.137784809E-01 2.543168887E-02
 -2.196429223E-01 5.213177297E-03
 -2.237381190E-01 -1.916607842E-02
 -2.249405086E-01 -4.795137048E-02
 -2.216290534E-01 -8.083337545E-02
 -2.115242034E-01 -1.163261533E-01
 -1.916331351E-01 -1.506733596E-01
 -1.585626900E-01 -1.761484593E-01
 -1.098519936E-01 -1.791549176E-01
 -4.924239218E-02 -1.406288147E-01
 -3.518990707E-03 -4.794668034E-02
 0.000000000E+00 0.000000000E+00
 0.000000000E+00 0.000000000E+00
 -3.245384665E-03 4.041200504E-02
 -2.486168034E-02 9.328458458E-02
 -5.475299060E-02 1.201436296E-01
 -8.451799303E-02 1.317881346E-01
 -1.116269827E-01 1.341175139E-01
 -1.355294436E-01 1.300407946E-01
 -1.561899036E-01 1.211338565E-01
 -1.737753898E-01 1.084868535E-01
 -1.885370463E-01 9.302119911E-02
 -2.007460594E-01 7.556986064E-02
 -2.106741220E-01 5.687900260E-02
 -2.189062983E-01 3.676846996E-02
 -2.260725200E-01 1.340235863E-02
 -2.319096774E-01 -1.486895606E-02
 -2.353490889E-01 -4.849920049E-02
 -2.347500771E-01 -8.740903437E-02
 -2.276420891E-01 -1.302809417E-01
 -2.105053365E-01 -1.732354909E-01
 -1.788453609E-01 -2.075772434E-01
 -1.283034384E-01 -2.167616934E-01
 -6.052631140E-02 -1.753044575E-01
 -5.271131173E-03 -6.239224970E-02
 0.000000000E+00 0.000000000E+00
 0.000000000E+00 0.000000000E+00
 -3.347258549E-03 5.318043008E-02
 -2.499607578E-02 1.190165728E-01
 -5.435185879E-02 1.500604153E-01
 -8.296323568E-02 1.620067358E-01
 -1.085848436E-01 1.630382538E-01
 -1.310091317E-01 1.570678949E-01
 -1.504496187E-01 1.460823864E-01
 -1.672124118E-01 1.313184798E-01
 -1.815994978E-01 1.137309819E-01
 -1.938712299E-01 9.414328635E-02
 -2.042507976E-01 7.328310609E-02
 -2.132869065E-01 5.086314306E-02
 -2.217009664E-01 2.476900630E-02
 -2.294078618E-01 -6.954449695E-03
 -2.354817390E-01 -4.502528906E-02
 -2.383746356E-01 -8.969178051E-02
 -2.355540395E-01 -1.399647444E-01
 -2.230820507E-01 -1.920788288E-01
 -1.953521818E-01 -2.366469353E-01
 -1.457705647E-01 -2.542572320E-01
 -7.288718224E-02 -2.121664286E-01
 -7.807712536E-03 -7.898560911E-02
 0.000000000E+00 0.000000000E+00
 0.000000000E+00 0.000000000E+00
 -3.410561243E-03 6.631799787E-02
 -2.425854281E-02 1.448198110E-01
 -5.141171440E-02 1.792254299E-01
 -7.692176104E-02 1.907305717E-01
 -9.915892780E-02 1.900490373E-01
 -1.183998063E-01 1.821366251E-01
 -1.351574361E-01 1.693357825E-01
 -1.498853415E-01 1.529448181E-01
 -1.629258692E-01 1.338687092E-01
 -1.745108813E-01 1.128521264E-01
 -1.847939491E-01 9.055086970E-02
 -1.942524016E-01 6.655534357E-02
 -2.036786973E-01 3.851964325E-02
 -2.132171094E-01 4.206402227E-03
 -2.221940309E-01 -3.742818534E-02
 -2.293000221E-01 -8.707660437E-02
 -2.321206033E-01 -1.442848891E-01
 -2.264814824E-01 -2.057343274E-01
 -2.057382911E-01 -2.617885470E-01
 -1.607867330E-01 -2.904739976E-01
 -8.603457361E-02 -2.510460913E-01
 -1.157578360E-02 -9.824688733E-02
 0.000000000E+00 0.000000000E+00
 0.000000000E+00 0.000000000E+00
 -4.123428371E-03 7.884360105E-02
 -2.432537079E-02 1.676246971E-01
 -4.794079810E-02 2.035423517E-01
 -6.839274615E-02 2.135375887E-01
 -8.519421518E-02 2.107771486E-01
 -9.933504462E-02 2.010894418E-01
 -1.117031574E-01 1.870111078E-01
 -1.229101270E-01 1.697764248E-01
 -1.333289891E-01 1.501480192E-01
 -1.431503296E-01 1.287232488E-01
 -1.524453461E-01 1.060342714E-01
 -1.615824103E-01 8.154529333E-02
 -1.713786125E-01 5.275886506E-02
 -1.822411418E-01 1.721037924E-02
 -1.938706040E-01 -2.651721239E-02
 -2.053843141E-01 -7.968338579E-02
 -2.147576213E-01 -1.426301003E-01
 -2.179198414E-01 -2.129687220E-01
 -2.074787319E-01 -2.815650702E-01
 -1.717418134E-01 -3.246601820E-01
 -9.986267239E-02 -2.930077612E-01
 -1.719858497E-02 -1.219812110E-01
 0.000000000E+00 0.000000000E+00
 0.000000000E+00 0.000000000E+00
 -6.533438805E-03 9.165059030E-02
 -2.746291831E-02 1.868572682E-01
 -4.651499912E-02 2.213746756E-01
 -6.004040316E-02 2.283212394E-01
 -6.938727200E-02 2.229603380E-01
 -7.651940733E-02 2.116208971E-01
 -8.276269585E-02 1.967803985E-01
 -8.887757361E-02 1.794606298E-01
 -9.524623305E-02 1.601966918E-01
 -1.020041630E-01 1.393858939E-01
 -1.091352329E-01 1.173983365E-01
 -1.168571115E-01 9.358370304E-02
 -1.259315461E-01 6.539391726E-02
 -1.370234787E-01 3.022801690E-02
 -1.503108591E-01 -1.369775832E-02
 -1.655370742E-01 -6.827723235E-02
 -1.814177930E-01 -1.348854899E-01
 -1.945190132E-01 -2.126275152E-01
 -1.973346770E-01 -2.939479947E-01
 -1.759684831E-01 -3.548205197E-01
 -1.134663895E-01 -3.379524052E-01
 -2.509782463E-02 -1.521776319E-01
 0.000000000E+00 0.000000000E+00
 0.000000000E+00 0.000000000E+00
 -1.188429445E-02 1.073517725E-01
 -3.591330349E-02 2.036085427E-01
 -4.899817705E-02 2.325872183E-01
 -5.339233205E-02 2.343894988E-01
 -5.313814804E-02 2.256747931E-01
 -5.136176571E-02 2.126728594E-01
 -4.981341958E-02 1.974526942E-01
 -4.933836684E-02 1.806516945E-01
 -5.027149618E-02 1.624996513E-01
 -5.265859142E-02 1.431587636E-01
 -5.638206005E-02 1.228181496E-01
 -6.145851314E-02 1.007396206E-01
 -6.848650426E-02 7.443710417E-02
 -7.833524048E-02 4.129873216E-02
 -9.170541167E-02 -7.409006939E-04
 -1.091123670E-01 -5.416603014E-02
 -1.303527653E-01 -1.214907765E-01
 -1.532810628E-01 -2.038004249E-01
 -1.712783128E-01 -2.963757813E-01
 -1.693229973E-01 -3.772773147E-01
 -1.243746430E-01 -3.834040463E-01
 -3.546101972E-02 -1.902241260E-01
 0.000000000E+00 0.000000000E+00
 0.000000000E+00 0.000000000E+00
 -2.171246707E-02 1.292780638E-01
 -5.130949989E-02 2.186041027E-01
 -5.535435304E-02 2.365497053E-01
 -4.749930650E-02 2.307567000E-01
 -3.525668010E-02 2.179296911E-01
 -2.276936918E-02 2.032861263E-01
 -1.200150605E-02 1.880417019E-01
 -3.718243679E-03 1.722678840E-01
 1.901847660E-03 1.558274776E-01
 4.965758417E-03 1.386332512E-01
 5.722764414E-03 1.206957474E-01
 4.413772374E-03 1.012336686E-01
 7.226548623E-04 7.794114947E-02
 -6.326699629E-03 4.834436998E-02
 -1.792441308E-02 1.026116684E-02
 -3.539518639E-02 -3.919684514E-02
 -5.984423310E-02 -1.035622731E-01
 -9.105885029E-02 -1.861377805E-01
 -1.246251911E-01 -2.862640321E-01
 -1.463289410E-01 -3.872574866E-01
 -1.283828169E-01 -4.249302447E-01
 -4.793303460E-02 -2.372163534E-01
 0.000000000E+00 0.000000000E+00
 0.000000000E+00 0.000000000E+00
 -3.702656552E-02 1.603829861E-01
 -7.222254574E-02 2.304963470E-01
 -6.040380523E-02 2.307418585E-01
 -3.566797823E-02 2.152483463E-01
 -8.888157085E-03 1.981158704E-01
 1.570893265E-02 1.822326928E-01
 3.652241826E-02 1.675023884E-01
 5.318848416E-02 1.533024460E-01
 6.585901231E-02 1.391126066E-01
 7.488355041E-02 1.246135533E-01
 8.068624139E-02 1.096622497E-01
 8.381378651E-02 9.350052476E-02
 8.432804793E-02 7.412061095E-02
 8.126065880E-02 4.933673888E-02
 7.304253429E-02 1.706995629E-02
 5.764325336E-02 -2.563646063E-02
 3.264923021E-02 -8.291075379E-02
 -4.062035587E-03 -1.600316167E-01
 -5.167816952E-02 -2.612003982E-01
 -9.965904057E-02 -3.787325621E-01
 -1.187023669E-01 -4.552153647E-01
 -6.111047044E-02 -2.930663824E-01
 0.000000000E+00 0.000000000E+00
 0.000000000E+00 0.000000000E+00
 -5.530377850E-02 2.011918873E-01
 -8.701887727E-02 2.329223752E-01
 -4.651044309E-02 2.087250352E-01
 8.605756448E-04 1.836619675E-01
 4.392482340E-02 1.637248397E-01
 8.065015823E-02 1.479582489E-01
 1.108769476E-01 1.347837746E-01
 1.351290643E-01 1.229480729E-01
 1.541033238E-01 1.116318628E-01
 1.684809178E-01 1.003544629E-01
 1.788929403E-01 8.886983991E-02
 1.861916780E-01 7.653482258E-02
 1.908303201E-01 6.175903976E-02
 1.919390112E-01 4.277520254E-02
 1.877350509E-01 1.783640310E-02
 1.757089794E-01 -1.566630602E-02
 1.524057984E-01 -6.173745543E-02
 1.134870276E-01 -1.266561151E-01
 5.521980673E-02 -2.191489339E-01
 -1.900588349E-02 -3.440484107E-01
 -8.437348157E-02 -4.622626901E-01
 -7.157917321E-02 -3.538083732E-01
 0.000000000E+00 0.000000000E+00
 0.000000000E+00 0.000000000E+00
 -6.132730097E-02 2.459214777E-01
 -5.656978860E-02 2.116782963E-01
 2.925889567E-02 1.606148630E-01
 1.018560901E-01 1.314225495E-01
 1.588775069E-01 1.129213199E-01
 2.040499896E-01 9.995292872E-02
 2.399603724E-01 9.003631771E-02
 2.684148252E-01 8.168751746E-02
 2.907546759E-01 7.402332127E-02
 3.079950511E-01 6.654326618E-02
 3.209426999E-01 5.897035822E-02
 3.306460977E-01 5.087767541E-02
 3.378100693E-01 4.120894894E-02
 3.416869938E-01 2.871837467E-02
 3.404644132E-01 1.217839494E-02
 3.314544559E-01 -1.030544098E-02
 3.106144071E-01 -4.184346646E-02
 2.721822262E-01 -8.792017400E-02
 2.081880867E-01 -1.594622135E-01
 1.118892878E-01 -2.745675743E-01
 -5.901310593E-03 -4.268088639E-01
 -6.981945038E-02 -4.039434195E-01
 0.000000000E+00 0.000000000E+00
 0.000000000E+00 0.000000000E+00
 1.142585557E-02 2.660686076E-01
 1.164569408E-01 1.483758837E-01
 2.453829348E-01 8.589494973E-02
 3.308321238E-01 6.291424483E-02
 3.887226284E-01 5.149080604E-02
 4.313053489E-01 4.428590834E-02
 4.639607966E-01 3.918390349E-02
 4.893416762E-01 3.514239192E-02
 5.090681911E-01 3.156390041E-02
 5.242264867E-01 2.812088467E-02
 5.355965495E-01 2.459368296E-02
 5.441413522E-01 2.083563246E-02
 5.505180955E-01 1.637266949E-02
 5.540842414E-01 1.051350590E-02
 5.532035828E-01 2.632507356E-03
 5.453763604E-01 -8.257172070E-03
 5.267834663E-01 -2.386393398E-02
 4.913193882E-01 -4.746186361E-02
 4.288063943E-01 -8.747258782E-02
 3.235336840E-01 -1.676727384E-01
 1.605710983E-01 -3.226476014E-01
 -2.020491846E-02 -4.032658339E-01
 0.000000000E+00 0.000000000E+00
 0.000000000E+00 0.000000000E+00
 4.408125281E-01 1.551547050E-01
 6.003302932E-01 4.592417181E-02
 6.941944361E-01 1.387617644E-02
 7.442083955E-01 6.965178996E-03
 7.729870677E-01 4.897186533E-03
 7.926506996E-01 3.698543413E-03
 8.073158860E-01 2.886306029E-03
 8.185021877E-01 2.281716559E-03
 8.270311356E-01 1.751416363E-03
 8.334336281E-01 1.230097376E-03
 8.380448818E-01 6.289675366E-04
 8.412420154E-01 -8.428791602E-07
 8.432348967E-01 -7.190637989E-04
 8.436020613E-01 -1.754388679E-03
 8.414008021E-01 -3.239784157E-03
 8.351665735E-01 -5.403524730E-03
 8.225618601E-01 -8.652156219E-03
 7.995302677E-01 -1.400091778E-02
 7.582342625E-01 -2.413748764E-02
 6.831471920E-01 -4.975042492E-02
 5.454196334E-01 -1.228045672E-01
 2.315255702E-01 -2.705864608E-01
 0.000000000E+00 0.000000000E+00
 5.000000000E-01 0.000000000E+00
 1.000000000E+00 0.000000000E+00
 1.000000000E+00 0.000000000E+00
 1.000000000E+00 0.000000000E+00
 1.000000000E+00 0.000000000E+00
 1.000000000E+00 0.000000000E+00
 1.000000000E+00 0.000000000E+00
 1.000000000E+00 0.000000000E+00
 1.000000000E+00 0.000000000E+00
 1.000000000E+00 0.000000000E+00
 1.000000000E+00 0.000000000E+00
 1.000000000E+00 0.000000000E+00
 1.000000000E+00 0.000000000E+00
 1.000000000E+00 0.000000000E+00
 1.000000000E+00 0.000000000E+00
 1.000000000E+00 0.000000000E+00
 1.000000000E+00 0.000000000E+00
 1.000000000E+00 0.000000000E+00
 1.000000000E+00 0.000000000E+00
 1.000000000E+00 0.000000000E+00
 1.000000000E+00 0.000000000E+00
 1.000000000E+00 0.000000000E+00
 1.000000000E+00 0.000000000E+00
 5.000000000E-01 0.000000000E+00