21 21
  0.000000e+000   0.000000e+000
  5.000001e-002   0.000000e+000
  1.000000e-001   0.000000e+000
  1.500000e-001   0.000000e+000
  2.000000e-001   0.000000e+000
  2.500001e-001   0.000000e+000
  3.000001e-001   0.000000e+000
  3.500001e-001   0.000000e+000
  4.000001e-001   0.000000e+000
  4.500001e-001   0.000000e+000
  5.000001e-001   0.000000e+000
  5.500002e-001   0.000000e+000
  6.000003e-001   0.000000e+000
  6.500003e-001   0.000000e+000
  7.000004e-001   0.000000e+000
  7.500005e-001   0.000000e+000
  8.000005e-001   0.000000e+000
  8.500006e-001   0.000000e+000
  9.000007e-001   0.000000e+000
  9.500008e-001   0.000000e+000
  1.000000e+000   0.000000e+000
  0.000000e+000   5.000001e-002
  5.000001e-002   5.000001e-002
  1.000000e-001   5.000001e-002
  1.500000e-001   5.000001e-002
  2.000000e-001   5.000001e-002
  2.500001e-001   5.000001e-002
  3.000001e-001   5.000001e-002
  3.500001e-001   5.000001e-002
  4.000001e-001   5.000001e-002
  4.500001e-001   5.000001e-002
  5.000001e-001   5.000001e-002
  5.500002e-001   5.000001e-002
  6.000003e-001   5.000001e-002
  6.500003e-001   5.000001e-002
  7.000004e-001   5.000001e-002
  7.500005e-001   5.000001e-002
  8.000005e-001   5.000001e-002
  8.500006e-001   5.000001e-002
  9.000007e-001   5.000001e-002
  9.500008e-001   5.000001e-002
  1.000000e+000   5.000001e-002
  0.000000e+000   1.000000e-001
  5.000001e-002   1.000000e-001
  1.000000e-001   1.000000e-001
  1.500000e-001   1.000000e-001
  2.000000e-001   1.000000e-001
  2.500001e-001   1.000000e-001
  3.000001e-001   1.000000e-001
  3.500001e-001   1.000000e-001
  4.000001e-001   1.000000e-001
  4.500001e-001   1.000000e-001
  5.000001e-001   1.000000e-001
  5.500002e-001   1.000000e-001
  6.000003e-001   1.000000e-001
  6.500003e-001   1.000000e-001
  7.000004e-001   1.000000e-001
  7.500005e-001   1.000000e-001
  8.000005e-001   1.000000e-001
  8.500006e-001   1.000000e-001
  9.000007e-001   1.000000e-001
  9.500008e-001   1.000000e-001
  1.000000e+000   1.000000e-001
  0.000000e+000   1.500000e-001
  5.000001e-002   1.500000e-001
  1.000000e-001   1.500000e-001
  1.500000e-001   1.500000e-001
  2.000000e-001   1.500000e-001
  2.500001e-001   1.500000e-001
  3.000001e-001   1.500000e-001
  3.500001e-001   1.500000e-001
  4.000001e-001   1.500000e-001
  4.500001e-001   1.500000e-001
  5.000001e-001   1.500000e-001
  5.500002e-001   1.500000e-001
  6.000003e-001   1.500000e-001
  6.500003e-001   1.500000e-001
  7.000004e-001   1.500000e-001
  7.500005e-001   1.500000e-001
  8.000005e-001   1.500000e-001
  8.500006e-001   1.500000e-001
  9.000007e-001   1.500000e-001
  9.500008e-001   1.500000e-001
  1.000000e+000   1.500000e-001
  0.000000e+000   2.000000e-001
  5.000001e-002   2.000000e-001
  1.000000e-001   2.000000e-001
  1.500000e-001   2.000000e-001
  2.000000e-001   2.000000e-001
  2.500001e-001   2.000000e-001
  3.000001e-001   2.000000e-001
  3.500001e-001   2.000000e-001
  4.000001e-001   2.000000e-001
  4.500001e-001   2.000000e-001
  5.000001e-001   2.000000e-001
  5.500002e-001   2.000000e-001
  6.000003e-001   2.000000e-001
  6.500003e-001   2.000000e-001
  7.000004e-001   2.000000e-001
  7.500005e-001   2.000000e-001
  8.000005e-001   2.000000e-001
  8.500006e-001   2.000000e-001
  9.000007e-001   2.000000e-001
  9.500008e-001   2.000000e-001
  1.000000e+000   2.000000e-001
  0.000000e+000   2.500001e-001
  5.000001e-002   2.500001e-001
  1.000000e-001   2.500001e-001
  1.500000e-001   2.500001e-001
  2.000000e-001   2.500001e-001
  2.500001e-001   2.500001e-001
  3.000001e-001   2.500001e-001
  3.500001e-001   2.500001e-001
  4.000001e-001   2.500001e-001
  4.500001e-001   2.500001e-001
  5.000001e-001   2.500001e-001
  5.500002e-001   2.500001e-001
  6.000003e-001   2.500001e-001
  6.500003e-001   2.500001e-001
  7.000004e-001   2.500001e-001
  7.500005e-001   2.500001e-001
  8.000005e-001   2.500001e-001
  8.500006e-001   2.500001e-001
  9.000007e-001   2.500001e-001
  9.500008e-001   2.500001e-001
  1.000000e+000   2.500001e-001
  0.000000e+000   3.000001e-001
  5.000001e-002   3.000001e-001
  1.000000e-001   3.000001e-001
  1.500000e-001   3.000001e-001
  2.000000e-001   3.000001e-001
  2.500001e-001   3.000001e-001
  3.000001e-001   3.000001e-001
  3.500001e-001   3.000001e-001
  4.000001e-001   3.000001e-001
  4.500001e-001   3.000001e-001
  5.000001e-001   3.000001e-001
  5.500002e-001   3.000001e-001
  6.000003e-001   3.000001e-001
  6.500003e-001   3.000001e-001
  7.000004e-001   3.000001e-001
  7.500005e-001   3.000001e-001
  8.000005e-001   3.000001e-001
  8.500006e-001   3.000001e-001
  9.000007e-001   3.000001e-001
  9.500008e-001   3.000001e-001
  1.000000e+000   3.000001e-001
  0.000000e+000   3.500001e-001
  5.000001e-002   3.500001e-001
  1.000000e-001   3.500001e-001
  1.500000e-001   3.500001e-001
  2.000000e-001   3.500001e-001
  2.500001e-001   3.500001e-001
  3.000001e-001   3.500001e-001
  3.500001e-001   3.500001e-001
  4.000001e-001   3.500001e-001
  4.500001e-001   3.500001e-001
  5.000001e-001   3.500001e-001
  5.500002e-001   3.500001e-001
  6.000003e-001   3.500001e-001
  6.500003e-001   3.500001e-001
  7.000004e-001   3.500001e-001
  7.500005e-001   3.500001e-001
  8.000005e-001   3.500001e-001
  8.500006e-001   3.500001e-001
  9.000007e-001   3.500001e-001
  9.500008e-001   3.500001e-001
  1.000000e+000   3.500001e-001
  0.000000e+000   4.000001e-001
  5.000001e-002   4.000001e-001
  1.000000e-001   4.000001e-001
  1.500000e-001   4.000001e-001
  2.000000e-001   4.000001e-001
  2.500001e-001   4.000001e-001
  3.000001e-001   4.000001e-001
  3.500001e-001   4.000001e-001
  4.000001e-001   4.000001e-001
  4.500001e-001   4.000001e-001
  5.000001e-001   4.000001e-001
  5.500002e-001   4.000001e-001
  6.000003e-001   4.000001e-001
  6.500003e-001   4.000001e-001
  7.000004e-001   4.000001e-001
  7.500005e-001   4.000001e-001
  8.000005e-001   4.000001e-001
  8.500006e-001   4.000001e-001
  9.000007e-001   4.000001e-001
  9.500008e-001   4.000001e-001
  1.000000e+000   4.000001e-001
  0.000000e+000   4.500001e-001
  5.000001e-002   4.500001e-001
  1.000000e-001   4.500001e-001
  1.500000e-001   4.500001e-001
  2.000000e-001   4.500001e-001
  2.500001e-001   4.500001e-001
  3.000001e-001   4.500001e-001
  3.500001e-001   4.500001e-001
  4.000001e-001   4.500001e-001
  4.500001e-001   4.500001e-001
  5.000001e-001   4.500001e-001
  5.500002e-001   4.500001e-001
  6.000003e-001   4.500001e-001
  6.500003e-001   4.500001e-001
  7.000004e-001   4.500001e-001
  7.500005e-001   4.500001e-001
  8.000005e-001   4.500001e-001
  8.500006e-001   4.500001e-001
  9.000007e-001   4.500001e-001
  9.500008e-001   4.500001e-001
  1.000000e+000   4.500001e-001
  0.000000e+000   5.000001e-001
  5.000001e-002   5.000001e-001
  1.000000e-001   5.000001e-001
  1.500000e-001   5.000001e-001
  2.000000e-001   5.000001e-001
  2.500001e-001   5.000001e-001
  3.000001e-001   5.000001e-001
  3.500001e-001   5.000001e-001
  4.000001e-001   5.000001e-001
  4.500001e-001   5.000001e-001
  5.000001e-001   5.000001e-001
  5.500002e-001   5.000001e-001
  6.000003e-001   5.000001e-001
  6.500003e-001   5.000001e-001
  7.000004e-001   5.000001e-001
  7.500005e-001   5.000001e-001
  8.000005e-001   5.000001e-001
  8.500006e-001   5.000001e-001
  9.000007e-001   5.000001e-001
  9.500008e-001   5.000001e-001
  1.000000e+000   5.000001e-001
  0.000000e+000   5.500002e-001
  5.000001e-002   5.500002e-001
  1.000000e-001   5.500002e-001
  1.500000e-001   5.500002e-001
  2.000000e-001   5.500002e-001
  2.500001e-001   5.500002e-001
  3.000001e-001   5.500002e-001
  3.500001e-001   5.500002e-001
  4.000001e-001   5.500002e-001
  4.500001e-001   5.500002e-001
  5.000001e-001   5.500002e-001
  5.500002e-001   5.500002e-001
  6.000003e-001   5.500002e-001
  6.500003e-001   5.500002e-001
  7.000004e-001   5.500002e-001
  7.500005e-001   5.500002e-001
  8.000005e-001   5.500002e-001
  8.500006e-001   5.500002e-001
  9.000007e-001   5.500002e-001
  9.500008e-001   5.500002e-001
  1.000000e+000   5.500002e-001
  0.000000e+000   6.000003e-001
  5.000001e-002   6.000003e-001
  1.000000e-001   6.000003e-001
  1.500000e-001   6.000003e-001
  2.000000e-001   6.000003e-001
  2.500001e-001   6.000003e-001
  3.000001e-001   6.000003e-001
  3.500001e-001   6.000003e-001
  4.000001e-001   6.000003e-001
  4.500001e-001   6.000003e-001
  5.000001e-001   6.000003e-001
  5.500002e-001   6.000003e-001
  6.000003e-001   6.000003e-001
  6.500003e-001   6.000003e-001
  7.000004e-001   6.000003e-001
  7.500005e-001   6.000003e-001
  8.000005e-001   6.000003e-001
  8.500006e-001   6.000003e-001
  9.000007e-001   6.000003e-001
  9.500008e-001   6.000003e-001
  1.000000e+000   6.000003e-001
  0.000000e+000   6.500003e-001
  5.000001e-002   6.500003e-001
  1.000000e-001   6.500003e-001
  1.500000e-001   6.500003e-001
  2.000000e-001   6.500003e-001
  2.500001e-001   6.500003e-001
  3.000001e-001   6.500003e-001
  3.500001e-001   6.500003e-001
  4.000001e-001   6.500003e-001
  4.500001e-001   6.500003e-001
  5.000001e-001   6.500003e-001
  5.500002e-001   6.500003e-001
  6.000003e-001   6.500003e-001
  6.500003e-001   6.500003e-001
  7.000004e-001   6.500003e-001
  7.500005e-001   6.500003e-001
  8.000005e-001   6.500003e-001
  8.500006e-001   6.500003e-001
  9.000007e-001   6.500003e-001
  9.500008e-001   6.500003e-001
  1.000000e+000   6.500003e-001
  0.000000e+000   7.000004e-001
  5.000001e-002   7.000004e-001
  1.000000e-001   7.000004e-001
  1.500000e-001   7.000004e-001
  2.000000e-001   7.000004e-001
  2.500001e-001   7.000004e-001
  3.000001e-001   7.000004e-001
  3.500001e-001   7.000004e-001
  4.000001e-001   7.000004e-001
  4.500001e-001   7.000004e-001
  5.000001e-001   7.000004e-001
  5.500002e-001   7.000004e-001
  6.000003e-001   7.000004e-001
  6.500003e-001   7.000004e-001
  7.000004e-001   7.000004e-001
  7.500005e-001   7.000004e-001
  8.000005e-001   7.000004e-001
  8.500006e-001   7.000004e-001
  9.000007e-001   7.000004e-001
  9.500008e-001   7.000004e-001
  1.000000e+000   7.000004e-001
  0.000000e+000   7.500005e-001
  5.000001e-002   7.500005e-001
  1.000000e-001   7.500005e-001
  1.500000e-001   7.500005e-001
  2.000000e-001   7.500005e-001
  2.500001e-001   7.500005e-001
  3.000001e-001   7.500005e-001
  3.500001e-001   7.500005e-001
  4.000001e-001   7.500005e-001
  4.500001e-001   7.500005e-001
  5.000001e-001   7.500005e-001
  5.500002e-001   7.500005e-001
  6.000003e-001   7.500005e-001
  6.500003e-001   7.500005e-001
  7.000004e-001   7.500005e-001
  7.500005e-001   7.500005e-001
  8.000005e-001   7.500005e-001
  8.500006e-001   7.500005e-001
  9.000007e-001   7.500005e-001
  9.500008e-001   7.500005e-001
  1.000000e+000   7.500005e-001
  0.000000e+000   8.000005e-001
  5.000001e-002   8.000005e-001
  1.000000e-001   8.000005e-001
  1.500000e-001   8.000005e-001
  2.000000e-001   8.000005e-001
  2.500001e-001   8.000005e-001
  3.000001e-001   8.000005e-001
  3.500001e-001   8.000005e-001
  4.000001e-001   8.000005e-001
  4.500001e-001   8.000005e-001
  5.000001e-001   8.000005e-001
  5.500002e-001   8.000005e-001
  6.000003e-001   8.000005e-001
  6.500003e-001   8.000005e-001
  7.000004e-001   8.000005e-001
  7.500005e-001   8.000005e-001
  8.000005e-001   8.000005e-001
  8.500006e-001   8.000005e-001
  9.000007e-001   8.000005e-001
  9.500008e-001   8.000005e-001
  1.000000e+000   8.000005e-001
  0.000000e+000   8.500006e-001
  5.000001e-002   8.500006e-001
  1.000000e-001   8.500006e-001
  1.500000e-001   8.500006e-001
  2.000000e-001   8.500006e-001
  2.500001e-001   8.500006e-001
  3.000001e-001   8.500006e-001
  3.500001e-001   8.500006e-001
  4.000001e-001   8.500006e-001
  4.500001e-001   8.500006e-001
  5.000001e-001   8.500006e-001
  5.500002e-001   8.500006e-001
  6.000003e-001   8.500006e-001
  6.500003e-001   8.500006e-001
  7.000004e-001   8.500006e-001
  7.500005e-001   8.500006e-001
  8.000005e-001   8.500006e-001
  8.500006e-001   8.500006e-001
  9.000007e-001   8.500006e-001
  9.500008e-001   8.500006e-001
  1.000000e+000   8.500006e-001
  0.000000e+000   9.000007e-001
  5.000001e-002   9.000007e-001
  1.000000e-001   9.000007e-001
  1.500000e-001   9.000007e-001
  2.000000e-001   9.000007e-001
  2.500001e-001   9.000007e-001
  3.000001e-001   9.000007e-001
  3.500001e-001   9.000007e-001
  4.000001e-001   9.000007e-001
  4.500001e-001   9.000007e-001
  5.000001e-001   9.000007e-001
  5.500002e-001   9.000007e-001
  6.000003e-001   9.000007e-001
  6.500003e-001   9.000007e-001
  7.000004e-001   9.000007e-001
  7.500005e-001   9.000007e-001
  8.000005e-001   9.000007e-001
  8.500006e-001   9.000007e-001
  9.000007e-001   9.000007e-001
  9.500008e-001   9.000007e-001
  1.000000e+000   9.000007e-001
  0.000000e+000   9.500008e-001
  5.000001e-002   9.500008e-001
  1.000000e-001   9.500008e-001
  1.500000e-001   9.500008e-001
  2.000000e-001   9.500008e-001
  2.500001e-001   9.500008e-001
  3.000001e-001   9.500008e-001
  3.500001e-001   9.500008e-001
  4.000001e-001   9.500008e-001
  4.500001e-001   9.500008e-001
  5.000001e-001   9.500008e-001
  5.500002e-001   9.500008e-001
  6.000003e-001   9.500008e-001
  6.500003e-001   9.500008e-001
  7.000004e-001   9.500008e-001
  7.500005e-001   9.500008e-001
  8.000005e-001   9.500008e-001
  8.500006e-001   9.500008e-001
  9.000007e-001   9.500008e-001
  9.500008e-001   9.500008e-001
  1.000000e+000   9.500008e-001
  0.000000e+000   1.000000e+000
  5.000001e-002   1.000000e+000
  1.000000e-001   1.000000e+000
  1.500000e-001   1.000000e+000
  2.000000e-001   1.000000e+000
  2.500001e-001   1.000000e+000
  3.000001e-001   1.000000e+000
  3.500001e-001   1.000000e+000
  4.000001e-001   1.000000e+000
  4.500001e-001   1.000000e+000
  5.000001e-001   1.000000e+000
  5.500002e-001   1.000000e+000
  6.000003e-001   1.000000e+000
  6.500003e-001   1.000000e+000
  7.000004e-001   1.000000e+000
  7.500005e-001   1.000000e+000
  8.000005e-001   1.000000e+000
  8.500006e-001   1.000000e+000
  9.000007e-001   1.000000e+000
  9.500008e-001   1.000000e+000
  1.000000e+000   1.000000e+000
0
