22 22
 1.000222087E+000
 1.057607532E+000
 1.171934247E+000
 1.282477140E+000
 1.386262655E+000
 1.480401516E+000
 1.562706947E+000
 1.632132053E+000
 1.688890100E+000
 1.734268665E+000
 1.770250916E+000
 1.799094081E+000
 1.822982073E+000
 1.843807936E+000
 1.863086700E+000
 1.881954908E+000
 1.901214719E+000
 1.921375513E+000
 1.942676067E+000
 1.965081692E+000
 1.988288403E+000
 1.999945879E+000
 1.000000000E+000
 1.058198810E+000
 1.173738122E+000
 1.285501957E+000
 1.390340209E+000
 1.485167623E+000
 1.567673445E+000
 1.636805773E+000
 1.692882657E+000
 1.737355828E+000
 1.772374511E+000
 1.800323486E+000
 1.823462367E+000
 1.843715668E+000
 1.862600207E+000
 1.881238818E+000
 1.900412440E+000
 1.920607805E+000
 1.942042112E+000
 1.964661956E+000
 1.988142371E+000
 2.000000000E+000
 1.000000000E+000
 1.059381366E+000
 1.177345753E+000
 1.291551590E+000
 1.398495317E+000
 1.494699836E+000
 1.577606320E+000
 1.646153212E+000
 1.700867653E+000
 1.743530035E+000
 1.776621699E+000
 1.802782297E+000
 1.824422956E+000
 1.843531251E+000
 1.861627340E+000
 1.879806638E+000
 1.898807883E+000
 1.919072390E+000
 1.940774322E+000
 1.963822603E+000
 1.987850428E+000
 2.000000000E+000
 1.000000000E+000
 1.061363816E+000
 1.183312774E+000
 1.301318645E+000
 1.411292791E+000
 1.509188652E+000
 1.592156887E+000
 1.659227371E+000
 1.711334467E+000
 1.750807047E+000
 1.780641675E+000
 1.803857684E+000
 1.823092580E+000
 1.840437412E+000
 1.857435226E+000
 1.875149965E+000
 1.894248486E+000
 1.915069342E+000
 1.937671781E+000
 1.961859822E+000
 1.987182021E+000
 2.000000000E+000
 1.000000000E+000
 1.063747525E+000
 1.190430164E+000
 1.312773585E+000
 1.425946832E+000
 1.525248170E+000
 1.607570410E+000
 1.672167420E+000
 1.720548511E+000
 1.755736828E+000
 1.781342149E+000
 1.800822258E+000
 1.817080617E+000
 1.832347870E+000
 1.848220587E+000
 1.865745783E+000
 1.885501027E+000
 1.907666445E+000
 1.932100654E+000
 1.958417177E+000
 1.986023784E+000
 2.000000000E+000
 1.000000000E+000
 1.066214323E+000
 1.197750926E+000
 1.324384809E+000
 1.440445304E+000
 1.540541172E+000
 1.621364594E+000
 1.682513237E+000
 1.726197362E+000
 1.756223202E+000
 1.776860595E+000
 1.792030334E+000
 1.804926395E+000
 1.817953706E+000
 1.832802296E+000
 1.850534201E+000
 1.871643662E+000
 1.896114826E+000
 1.923521161E+000
 1.953179002E+000
 1.984274387E+000
 2.000000000E+000
 1.000000000E+000
 1.068528891E+000
 1.204586625E+000
 1.335067272E+000
 1.453414559E+000
 1.553548932E+000
 1.632022738E+000
 1.688870072E+000
 1.727080941E+000
 1.751285791E+000
 1.766423464E+000
 1.776877761E+000
 1.786142707E+000
 1.796823859E+000
 1.810748816E+000
 1.829049110E+000
 1.852182150E+000
 1.879941821E+000
 1.911553025E+000
 1.945910692E+000
 1.981858492E+000
 2.000000000E+000
 1.000000000E+000
 1.070524693E+000
 1.210456014E+000
 1.344083428E+000
 1.463964581E+000
 1.563364029E+000
 1.638753295E+000
 1.690662026E+000
 1.722890019E+000
 1.740885854E+000
 1.750230193E+000
 1.755740166E+000
 1.761194587E+000
 1.769409895E+000
 1.782396793E+000
 1.801440239E+000
 1.827066302E+000
 1.858957887E+000
 1.895975947E+000
 1.936457396E+000
 1.978726387E+000
 2.000000000E+000
 1.000000000E+000
 1.072089314E+000
 1.215037823E+000
 1.350957632E+000
 1.471565247E+000
 1.569534421E+000
 1.641313910E+000
 1.687951446E+000
 1.714034081E+000
 1.725770473E+000
 1.729310870E+000
 1.729839325E+000
 1.731372118E+000
 1.736926317E+000
 1.748742223E+000
 1.768376827E+000
 1.796605349E+000
 1.833179951E+000
 1.876665354E+000
 1.924705267E+000
 1.974842310E+000
 2.000000000E+000
 1.000000000E+000
 1.073156118E+000
 1.218143582E+000
 1.355424166E+000
 1.475965500E+000
 1.571953654E+000
 1.639874935E+000
 1.681282043E+000
 1.701467872E+000
 1.707282186E+000
 1.705321431E+000
 1.701027751E+000
 1.698575377E+000
 1.701150179E+000
 1.711267352E+000
 1.730905890E+000
 1.761347413E+000
 1.802721500E+000
 1.853495955E+000
 1.910517812E+000
 1.970165968E+000
 2.000000000E+000
 1.000000000E+000
 1.073705196E+000
 1.219713569E+000
 1.357408643E+000
 1.477147222E+000
 1.570776463E+000
 1.634892464E+000
 1.671507716E+000
 1.686478257E+000
 1.687112093E+000
 1.680274844E+000
 1.671519756E+000
 1.665071130E+000
 1.664228559E+000
 1.671810865E+000
 1.690376759E+000
 1.722034335E+000
 1.767740726E+000
 1.826269150E+000
 1.893674731E+000
 1.964633226E+000
 2.000000000E+000
 1.000000000E+000
 1.073769689E+000
 1.219833016E+000
 1.357035279E+000
 1.475303411E+000
 1.566347599E+000
 1.626974583E+000
 1.659592986E+000
 1.670427561E+000
 1.667001605E+000
 1.656228900E+000
 1.643599987E+000
 1.633258581E+000
 1.628530979E+000
 1.632523656E+000
 1.648490787E+000
 1.679700017E+000
 1.728522658E+000
 1.794722199E+000
 1.873833418E+000
 1.958144546E+000
 2.000000000E+000
 1.000000000E+000
 1.073449135E+000
 1.218761802E+000
 1.354652405E+000
 1.470829487E+000
 1.559135556E+000
 1.616740108E+000
 1.646391392E+000
 1.654458284E+000
 1.648398519E+000
 1.634925842E+000
 1.619281054E+000
 1.605383873E+000
 1.596461535E+000
 1.595807552E+000
 1.607376337E+000
 1.635851145E+000
 1.685678959E+000
 1.758638144E+000
 1.850521803E+000
 1.950559497E+000
 2.000000000E+000
 1.000000000E+000
 1.072924733E+000
 1.216971755E+000
 1.350862265E+000
 1.464316368E+000
 1.549663305E+000
 1.604669213E+000
 1.632406950E+000
 1.639171481E+000
 1.632065892E+000
 1.617352366E+000
 1.599840879E+000
 1.583085418E+000
 1.570055723E+000
 1.564030647E+000
 1.569481611E+000
 1.592551589E+000
 1.640353680E+000
 1.718014240E+000
 1.823143601E+000
 1.941683888E+000
 2.000000000E+000
 1.000000000E+000
 1.072469711E+000
 1.215165257E+000
 1.346510172E+000
 1.456484675E+000
 1.538374662E+000
 1.590893507E+000
 1.617499590E+000
 1.624240041E+000
 1.617604136E+000
 1.603175521E+000
 1.585178137E+000
 1.566684127E+000
 1.550251007E+000
 1.538862705E+000
 1.537097573E+000
 1.552226424E+000
 1.594288707E+000
 1.673212647E+000
 1.790968180E+000
 1.931219459E+000
 2.000000000E+000
 1.000000000E+000
 1.072425365E+000
 1.214188576E+000
 1.342481852E+000
 1.447846413E+000
 1.525189996E+000
 1.574679136E+000
 1.600311399E+000
 1.607781053E+000
 1.602765560E+000
 1.589993238E+000
 1.572987437E+000
 1.554271221E+000
 1.535890222E+000
 1.520260453E+000
 1.511476874E+000
 1.517104745E+000
 1.549664974E+000
 1.625037551E+000
 1.753090978E+000
 1.918614149E+000
 2.000000000E+000
 1.000000000E+000
 1.073049903E+000
 1.214566827E+000
 1.338819861E+000
 1.437449694E+000
 1.508058071E+000
 1.552967429E+000
 1.576907039E+000
 1.585138083E+000
 1.582380056E+000
 1.572381258E+000
 1.557890058E+000
 1.540856123E+000
 1.522798181E+000
 1.505414486E+000
 1.491742730E+000
 1.488364458E+000
 1.508732438E+000
 1.574748039E+000
 1.708384037E+000
 1.902743340E+000
 2.000000000E+000
 1.000000000E+000
 1.073979139E+000
 1.214864612E+000
 1.331883311E+000
 1.419379354E+000
 1.479542851E+000
 1.517503977E+000
 1.538597941E+000
 1.547385454E+000
 1.547446132E+000
 1.541449904E+000
 1.531319261E+000
 1.518421054E+000
 1.503790975E+000
 1.488452077E+000
 1.474145889E+000
 1.465224743E+000
 1.473317504E+000
 1.524123073E+000
 1.655518174E+000
 1.881437540E+000
 2.000000000E+000
 1.000000000E+000
 1.072713256E+000
 1.207099080E+000
 1.308051944E+000
 1.377553105E+000
 1.423956633E+000
 1.454147935E+000
 1.472882628E+000
 1.483393312E+000
 1.487911344E+000
 1.488003731E+000
 1.484785676E+000
 1.479066014E+000
 1.471469522E+000
 1.462523341E+000
 1.452976465E+000
 1.444656849E+000
 1.444482684E+000
 1.475841880E+000
 1.593179345E+000
 1.851163149E+000
 2.000000000E+000
 1.000000000E+000
 1.061825037E+000
 1.170318127E+000
 1.243307590E+000
 1.293459058E+000
 1.329727054E+000
 1.356857657E+000
 1.377514958E+000
 1.393290877E+000
 1.405208468E+000
 1.413973570E+000
 1.420103312E+000
 1.423994064E+000
 1.425980210E+000
 1.426315188E+000
 1.425309896E+000
 1.423340797E+000
 1.422382832E+000
 1.434349060E+000
 1.520436764E+000
 1.807572126E+000
 2.000000000E+000
 1.000000000E+000
 1.034167409E+000
 1.098085761E+000
 1.149670959E+000
 1.192624688E+000
 1.229131579E+000
 1.260516524E+000
 1.287643433E+000
 1.311094522E+000
 1.331292629E+000
 1.348570704E+000
 1.363209128E+000
 1.375447869E+000
 1.385514021E+000
 1.393579006E+000
 1.399888515E+000
 1.404398084E+000
 1.408195853E+000
 1.409170747E+000
 1.440924764E+000
 1.750324368E+000
 2.000000000E+000
 9.997615814E-001
 1.020338774E+000
 1.061969876E+000
 1.102853060E+000
 1.142207980E+000
 1.178834319E+000
 1.212346435E+000
 1.242708087E+000
 1.269996762E+000
 1.294335008E+000
 1.315869570E+000
 1.334762335E+000
 1.351174951E+000
 1.365281105E+000
 1.377211094E+000
 1.387177944E+000
 1.394926786E+000
 1.401102424E+000
 1.396581769E+000
 1.401169181E+000
 1.721700788E+000
 1.940982580E+000
