22 22
 0.000000000E+000 0.000000000E+000
 0.000000000E+000 0.000000000E+000
 0.000000000E+000 0.000000000E+000
 0.000000000E+000 0.000000000E+000
 0.000000000E+000 0.000000000E+000
 0.000000000E+000 0.000000000E+000
 0.000000000E+000 0.000000000E+000
 0.000000000E+000 0.000000000E+000
 0.000000000E+000 0.000000000E+000
 0.000000000E+000 0.000000000E+000
 0.000000000E+000 0.000000000E+000
 0.000000000E+000 0.000000000E+000
 0.000000000E+000 0.000000000E+000
 0.000000000E+000 0.000000000E+000
 0.000000000E+000 0.000000000E+000
 0.000000000E+000 0.000000000E+000
 0.000000000E+000 0.000000000E+000
 0.000000000E+000 0.000000000E+000
 0.000000000E+000 0.000000000E+000
 0.000000000E+000 0.000000000E+000
 0.000000000E+000 0.000000000E+000
 0.000000000E+000 0.000000000E+000
 0.000000000E+000 0.000000000E+000
 3.219378996E-004 -3.195666941E-004
 -5.404059630E-005 -4.048558912E-005
 -1.527860761E-003 2.203128679E-004
 -3.781559179E-003 3.670802107E-004
 -6.502171513E-003 4.370103125E-004
 -9.407732636E-003 4.625876900E-004
 -1.225957926E-002 4.588926386E-004
 -1.483779028E-002 4.246607714E-004
 -1.691530459E-002 3.498556616E-004
 -1.825645939E-002 2.246859221E-004
 -1.864315011E-002 4.780985546E-005
 -1.792226546E-002 -1.672111102E-004
 -1.606284641E-002 -3.891352389E-004
 -1.320642792E-002 -5.717608728E-004
 -9.689950384E-003 -6.636549952E-004
 -6.021916401E-003 -6.225763937E-004
 -2.795189153E-003 -4.293154925E-004
 -5.240158061E-004 -1.095322805E-004
 4.834245774E-004 2.083361032E-004
 3.864179016E-004 3.742006083E-004
 0.000000000E+000 0.000000000E+000
 0.000000000E+000 0.000000000E+000
 6.992913404E-005 2.986500840E-005
 -1.955114538E-003 1.892739325E-003
 -6.445300300E-003 3.633080516E-003
 -1.261579897E-002 4.801519215E-003
 -1.978945732E-002 5.403231829E-003
 -2.732266858E-002 5.516429432E-003
 -3.461159766E-002 5.193772260E-003
 -4.107877240E-002 4.442323931E-003
 -4.615191743E-002 3.250847338E-003
 -4.928024858E-002 1.634458080E-003
 -4.999694601E-002 -3.234946053E-004
 -4.801501334E-002 -2.444606973E-003
 -4.333311692E-002 -4.453967791E-003
 -3.632102162E-002 -6.012198981E-003
 -2.774944529E-002 -6.784587633E-003
 -1.872998103E-002 -6.537734065E-003
 -1.053876709E-002 -5.242198706E-003
 -4.315707367E-003 -3.163541434E-003
 -7.181048277E-004 -9.428586345E-004
 2.952550130E-004 4.767679202E-004
 0.000000000E+000 0.000000000E+000
 0.000000000E+000 0.000000000E+000
 -2.475743822E-004 1.596693764E-003
 -4.220693372E-003 6.526228972E-003
 -1.181008480E-002 1.070296299E-002
 -2.160864323E-002 1.348944101E-002
 -3.263390437E-002 1.487958897E-002
 -4.399771243E-002 1.499934122E-002
 -5.484917760E-002 1.394180954E-002
 -6.436767429E-002 1.173289865E-002
 -7.175236940E-002 8.387085050E-003
 -7.625404745E-002 3.997947555E-003
 -7.725670189E-002 -1.178850420E-003
 -7.439266890E-002 -6.677062251E-003
 -6.766659021E-002 -1.182600297E-002
 -5.755890533E-002 -1.582602039E-002
 -4.507185519E-002 -1.790077426E-002
 -3.167539835E-002 -1.751217060E-002
 -1.910951175E-002 -1.459698100E-002
 -9.011291899E-003 -9.758586064E-003
 -2.468779450E-003 -4.321103450E-003
 1.127144715E-004 -2.367284615E-004
 0.000000000E+000 0.000000000E+000
 0.000000000E+000 0.000000000E+000
 -5.130936624E-004 4.364113789E-003
 -6.395190489E-003 1.373551879E-002
 -1.698197797E-002 2.101678774E-002
 -3.015257046E-002 2.569546923E-002
 -4.462483525E-002 2.789112180E-002
 -5.932767689E-002 2.782856487E-002
 -7.324992865E-002 2.565721050E-002
 -8.542151749E-002 2.143171802E-002
 -9.490016103E-002 1.520920638E-002
 -1.008041725E-001 7.188520860E-003
 -1.023959965E-001 -2.166469581E-003
 -9.920060635E-002 -1.205588970E-002
 -9.114001691E-002 -2.135242894E-002
 -7.866396010E-002 -2.871118486E-002
 -6.284336001E-002 -3.279925510E-002
 -4.537345469E-002 -3.263912722E-002
 -2.841080539E-002 -2.801403217E-002
 -1.415973436E-002 -1.981126890E-002
 -4.323377740E-003 -1.009407081E-002
 -4.727055511E-006 -1.862609060E-003
 0.000000000E+000 0.000000000E+000
 0.000000000E+000 0.000000000E+000
 -7.308446220E-004 8.252158761E-003
 -8.346756920E-003 2.337869070E-002
 -2.167629451E-002 3.435763717E-002
 -3.790113330E-002 4.111576080E-002
 -5.546142161E-002 4.407530650E-002
 -7.314978540E-002 4.364409298E-002
 -8.986219764E-002 4.005953670E-002
 -1.045529470E-001 3.341389075E-002
 -1.162014380E-001 2.380618453E-002
 -1.238287836E-001 1.153294835E-002
 -1.265671104E-001 -2.746769227E-003
 -1.237700880E-001 -1.790967956E-002
 -1.151579395E-001 -3.235946968E-002
 -1.009903923E-001 -4.414350167E-002
 -8.224318177E-002 -5.123511329E-002
 -6.072448567E-002 -5.200607330E-002
 -3.901096061E-002 -4.584863782E-002
 -2.002747171E-002 -3.376805037E-002
 -6.357566919E-003 -1.856982335E-002
 -7.612192712E-005 -4.452081397E-003
 0.000000000E+000 0.000000000E+000
 0.000000000E+000 0.000000000E+000
 -9.061086457E-004 1.311731897E-002
 -1.000439283E-002 3.518721089E-002
 -2.570363507E-002 5.040885881E-002
 -4.457640648E-002 5.942044407E-002
 -6.483167410E-002 6.312566251E-002
 -8.517261595E-002 6.221365184E-002
 -1.044612527E-001 5.705124512E-002
 -1.216388121E-001 4.777367786E-002
 -1.356586367E-001 3.450111672E-002
 -1.454709321E-001 1.758397184E-002
 -1.500629187E-001 -2.185129328E-003
 -1.485505700E-001 -2.342294343E-002
 -1.403298229E-001 -4.409740865E-002
 -1.252989620E-001 -6.160689890E-002
 -1.041437089E-001 -7.306938618E-002
 -7.862309366E-002 -7.590562105E-002
 -5.169148743E-002 -6.873079389E-002
 -2.715123259E-002 -5.234877020E-002
 -8.814994246E-003 -3.025047109E-002
 -1.423855720E-004 -8.124460466E-003
 0.000000000E+000 0.000000000E+000
 0.000000000E+000 0.000000000E+000
 -1.036474947E-003 1.878151298E-002
 -1.130374055E-002 4.879118502E-002
 -2.889420278E-002 6.873002648E-002
 -4.989862069E-002 8.016757667E-002
 -7.235648483E-002 8.465103805E-002
 -9.493055940E-002 8.325061202E-002
 -1.165044308E-001 7.650826126E-002
 -1.360659748E-001 6.460449845E-002
 -1.525972188E-001 4.764400423E-002
 -1.650156975E-001 2.595726214E-002
 -1.721724719E-001 3.658726055E-004
 -1.729105711E-001 -2.760368027E-002
 -1.662076265E-001 -5.557533726E-002
 -1.514351666E-001 -8.030708134E-002
 -1.287538260E-001 -9.791438282E-002
 -9.961047769E-002 -1.045041531E-001
 -6.715679169E-002 -9.735684842E-002
 -3.613539785E-002 -7.651324570E-002
 -1.199844293E-002 -4.592584819E-002
 -2.464180870E-004 -1.315040141E-002
 0.000000000E+000 0.000000000E+000
 0.000000000E+000 0.000000000E+000
 -1.114250743E-003 2.503353357E-002
 -1.217881497E-002 6.373795122E-002
 -3.108184226E-002 8.876968175E-002
 -5.357364193E-002 1.027899534E-001
 -7.758797705E-002 1.081262827E-001
 -1.017942429E-001 1.063251719E-001
 -1.251506656E-001 9.815330058E-002
 -1.467529535E-001 8.384083956E-002
 -1.656782031E-001 6.343508512E-002
 -1.808771789E-001 3.715693578E-002
 -1.911200434E-001 5.722742993E-003
 -1.950040460E-001 -2.936298959E-002
 -1.910597682E-001 -6.554468721E-002
 -1.780092418E-001 -9.904024750E-002
 -1.552358717E-001 -1.248994321E-001
 -1.234974712E-001 -1.375623941E-001
 -8.574559540E-002 -1.322620660E-001
 -4.749614373E-002 -1.073640510E-001
 -1.622160524E-002 -6.668484956E-002
 -4.356268619E-004 -1.996904053E-002
 0.000000000E+000 0.000000000E+000
 0.000000000E+000 0.000000000E+000
 -1.132418402E-003 3.162754327E-002
 -1.258097310E-002 7.949979603E-002
 -3.213607892E-002 1.098632365E-001
 -5.533911660E-002 1.265663952E-001
 -8.007285744E-002 1.328274459E-001
 -1.050547883E-001 1.307602078E-001
 -1.293677092E-001 1.214128286E-001
 -1.522786021E-001 1.050807312E-001
 -1.730406433E-001 8.172184229E-002
 -1.907372475E-001 5.136257410E-002
 -2.041712850E-001 1.447157282E-002
 -2.118056566E-001 -2.766811661E-002
 -2.117960155E-001 -7.256312668E-002
 -2.021864653E-001 -1.161236912E-001
 -1.813756078E-001 -1.524422169E-001
 -1.489838809E-001 -1.740756482E-001
 -1.071174517E-001 -1.734390706E-001
 -6.150680408E-002 -1.458924413E-001
 -2.178758942E-002 -9.384062886E-002
 -7.744308095E-004 -2.918551117E-002
 0.000000000E+000 0.000000000E+000
 0.000000000E+000 0.000000000E+000
 -1.092759427E-003 3.829923645E-002
 -1.251577958E-002 9.550426155E-002
 -3.202973306E-002 1.312496811E-001
 -5.505948886E-002 1.506100893E-001
 -7.947670668E-002 1.577869505E-001
 -1.040849835E-001 1.555519849E-001
 -1.281401515E-001 1.453034282E-001
 -1.511454284E-001 1.274371445E-001
 -1.726207435E-001 1.018155664E-001
 -1.919079572E-001 6.821344048E-002
 -2.080081552E-001 2.672941051E-002
 -2.194468528E-001 -2.178089507E-002
 -2.241986841E-001 -7.518807054E-002
 -2.197496891E-001 -1.294760555E-001
 -2.034423798E-001 -1.781380177E-001
 -1.733530015E-001 -2.119333595E-001
 -1.299132109E-001 -2.198471278E-001
 -7.799788564E-002 -1.925580651E-001
 -2.896693163E-002 -1.287661493E-001
 -1.366524026E-003 -4.157085344E-002
 0.000000000E+000 0.000000000E+000
 0.000000000E+000 0.000000000E+000
 -1.016768045E-003 4.480805993E-002
 -1.209402177E-002 1.112038121E-001
 -3.093176521E-002 1.521247029E-001
 -5.285387486E-002 1.738930494E-001
 -7.574939728E-002 1.817911267E-001
 -9.855537117E-002 1.793460250E-001
 -1.207560897E-001 1.683870405E-001
 -1.421570629E-001 1.494681090E-001
 -1.626345664E-001 1.223848164E-001
 -1.819194257E-001 8.664947003E-002
 -1.993988454E-001 4.191861302E-002
 -2.139142752E-001 -1.155057084E-002
 -2.235651910E-001 -7.230819762E-002
 -2.255801111E-001 -1.369108111E-001
 -2.164085507E-001 -1.988891661E-001
 -1.923883557E-001 -2.477494031E-001
 -1.514582038E-001 -2.689181864E-001
 -9.609272331E-002 -2.467036992E-001
 -3.795383871E-002 -1.725964695E-001
 -2.390430309E-003 -5.806764960E-002
 0.000000000E+000 0.000000000E+000
 0.000000000E+000 0.000000000E+000
 -9.631015710E-004 5.101368949E-002
 -1.160010416E-002 1.261931956E-001
 -2.931749634E-002 1.717341244E-001
 -4.923412949E-002 1.953074336E-001
 -6.929272413E-002 2.034244686E-001
 -8.864888549E-002 2.004796416E-001
 -1.070959568E-001 1.888185591E-001
 -1.248123497E-001 1.692226529E-001
 -1.421060413E-001 1.414787769E-001
 -1.592006534E-001 1.048773378E-001
 -1.760313660E-001 5.863294750E-002
 -1.920052469E-001 2.316030208E-003
 -2.057100236E-001 -6.355939806E-002
 -2.145806402E-001 -1.366437823E-001
 -2.146351486E-001 -2.113594860E-001
 -2.006771863E-001 -2.770351171E-001
 -1.676536351E-001 -3.162478507E-001
 -1.139138937E-001 -3.058726788E-001
 -4.878207669E-002 -2.257404923E-001
 -4.152317997E-003 -7.980082184E-002
 0.000000000E+000 0.000000000E+000
 0.000000000E+000 0.000000000E+000
 -1.062669209E-003 5.700377747E-002
 -1.159344707E-002 1.403775811E-001
 -2.809232846E-002 1.894945800E-001
 -4.522084817E-002 2.137455344E-001
 -6.106797606E-002 2.211424410E-001
 -7.517916709E-002 2.170771211E-001
 -8.779034764E-002 2.044776827E-001
 -9.953590482E-002 1.844054610E-001
 -1.112062931E-001 1.567005962E-001
 -1.235660091E-001 1.205074564E-001
 -1.371821016E-001 7.467363775E-002
 -1.521987468E-001 1.811352000E-002
 -1.680168509E-001 -4.970344529E-002
 -1.828158349E-001 -1.279168427E-001
 -1.929237247E-001 -2.127352208E-001
 -1.923423558E-001 -2.948271036E-001
 -1.731932312E-001 -3.557013571E-001
 -1.283438355E-001 -3.652076125E-001
 -6.116811186E-002 -2.871662378E-001
 -7.150262129E-003 -1.080824435E-001
 0.000000000E+000 0.000000000E+000
 0.000000000E+000 0.000000000E+000
 -1.600472606E-003 6.331638247E-002
 -1.308059134E-002 1.541861445E-001
 -2.872307785E-002 2.050974667E-001
 -4.237991944E-002 2.281421125E-001
 -5.253890902E-002 2.333167046E-001
 -5.946293101E-002 2.271416038E-001
 -6.404811889E-002 2.131271958E-001
 -6.748815626E-002 1.926018149E-001
 -7.107778639E-002 1.654824466E-001
 -7.610050589E-002 1.308424473E-001
 -8.373191208E-002 8.728759736E-002
 -9.488756210E-002 3.323074430E-002
 -1.099602804E-001 -3.279352561E-002
 -1.283324212E-001 -1.115230173E-001
 -1.475172639E-001 -2.016071379E-001
 -1.619611084E-001 -2.967087626E-001
 -1.620615572E-001 -3.800745308E-001
 -1.348924935E-001 -4.171881974E-001
 -7.419879735E-002 -3.534937799E-001
 -1.211372856E-002 -1.443550438E-001
 0.000000000E+000 0.000000000E+000
 0.000000000E+000 0.000000000E+000
 -3.212535754E-003 7.135131955E-002
 -1.781848632E-002 1.687847525E-001
 -3.331743553E-002 2.184801996E-001
 -4.259995371E-002 2.373605967E-001
 -4.517909139E-002 2.381444573E-001
 -4.261326417E-002 2.285370678E-001
 -3.678000346E-002 2.124831080E-001
 -2.954865620E-002 1.914376169E-001
 -2.270535007E-002 1.653329879E-001
 -1.796509139E-002 1.332044750E-001
 -1.698923670E-002 9.354831278E-002
 -2.135107853E-002 4.451381043E-002
 -3.240530565E-002 -1.596994698E-002
 -5.094163492E-002 -8.995629102E-002
 -7.638145238E-002 -1.786397696E-001
 -1.051294506E-001 -2.799494267E-001
 -1.279669851E-001 -3.822400272E-001
 -1.275465637E-001 -4.519414306E-001
 -8.567103744E-002 -4.180341065E-001
 -1.991794072E-002 -1.899274588E-001
 0.000000000E+000 0.000000000E+000
 0.000000000E+000 0.000000000E+000
 -7.317921147E-003 8.411772549E-002
 -2.872890234E-002 1.860918552E-001
 -4.423496500E-002 2.294272929E-001
 -4.684744403E-002 2.397259921E-001
 -3.858938441E-002 2.332623750E-001
 -2.324712649E-002 2.187317610E-001
 -4.052552395E-003 2.000856847E-001
 1.638880745E-002 1.785677969E-001
 3.588809818E-002 1.539474428E-001
 5.245870352E-002 1.251884550E-001
 6.415305287E-002 9.077624232E-002
 6.896498054E-002 4.884497076E-002
 6.479673088E-002 -2.835660940E-003
 4.960690066E-002 -6.697755307E-002
 2.184981853E-002 -1.466878206E-001
 -1.808101125E-002 -2.444146276E-001
 -6.420832872E-002 -3.565940857E-001
 -9.820470959E-002 -4.581169486E-001
 -9.067601711E-002 -4.699240923E-001
 -3.114093095E-002 -2.452621609E-001
 0.000000000E+000 0.000000000E+000
 0.000000000E+000 0.000000000E+000
 -1.675659418E-002 1.075490415E-001
 -4.945646971E-002 2.080883831E-001
 -6.088262796E-002 2.361190617E-001
 -4.987171292E-002 2.315365970E-001
 -2.424733527E-002 2.146380842E-001
 8.985334076E-003 1.941304207E-001
 4.521021619E-002 1.729803532E-001
 8.134354651E-002 1.516162604E-001
 1.151126772E-001 1.293607503E-001
 1.445697695E-001 1.050263420E-001
 1.677792072E-001 7.715000957E-002
 1.826131642E-001 4.405158758E-002
 1.866112351E-001 3.763248911E-003
 1.769307256E-001 -4.635367915E-002
 1.503471881E-001 -1.100025624E-001
 1.038576066E-001 -1.928539276E-001
 3.745860979E-002 -3.005836308E-001
 -3.497435153E-002 -4.237220287E-001
 -7.871484756E-002 -4.930717945E-001
 -4.482299834E-002 -3.081906140E-001
 0.000000000E+000 0.000000000E+000
 0.000000000E+000 0.000000000E+000
 -3.512087464E-002 1.527500898E-001
 -7.639753073E-002 2.335727066E-001
 -6.387025118E-002 2.291105241E-001
 -2.251253463E-002 2.023000568E-001
 3.088071384E-002 1.739864945E-001
 8.754725009E-002 1.490255147E-001
 1.429660320E-001 1.275924891E-001
 1.947292835E-001 1.085963175E-001
 2.413158864E-001 9.069355577E-002
 2.814120948E-001 7.253922522E-002
 3.135556579E-001 5.281856656E-002
 3.359242082E-001 3.021039255E-002
 3.460505903E-001 3.226983128E-003
 3.409879208E-001 -2.986041270E-002
 3.168144226E-001 -7.221508026E-002
 2.682587206E-001 -1.298947334E-001
 1.896235496E-001 -2.149819136E-001
 8.217772096E-002 -3.385975361E-001
 -2.798250876E-002 -4.644989073E-001
 -5.471965671E-002 -3.679594696E-001
 0.000000000E+000 0.000000000E+000
 0.000000000E+000 0.000000000E+000
 -5.276286975E-002 2.312068790E-001
 -5.010195076E-002 2.385499924E-001
 3.630212322E-002 1.781988889E-001
 1.271955967E-001 1.330528706E-001
 2.114518583E-001 1.017591208E-001
 2.865970135E-001 7.984815538E-002
 3.524924219E-001 6.400354207E-002
 4.096517265E-001 5.177847296E-002
 4.584898949E-001 4.147029668E-002
 4.989984632E-001 3.186792880E-002
 5.306328535E-001 2.204448730E-002
 5.522524714E-001 1.123235840E-002
 5.621798038E-001 -1.354366075E-003
 5.578598380E-001 -1.648371294E-002
 5.355642438E-001 -3.581746295E-002
 4.900342822E-001 -6.311229616E-002
 4.125720859E-001 -1.093975082E-001
 2.893804014E-001 -2.009200603E-001
 1.138647273E-001 -3.540813029E-001
 -2.862999588E-002 -3.873849511E-001
 0.000000000E+000 0.000000000E+000
 0.000000000E+000 0.000000000E+000
 1.649727672E-001 2.227109522E-001
 3.439339101E-001 1.223388463E-001
 4.879595041E-001 6.195879728E-002
 5.879996419E-001 3.415514901E-002
 6.570222974E-001 2.016568929E-002
 7.079620957E-001 1.244448218E-002
 7.472996712E-001 8.004500531E-003
 7.783682346E-001 5.250505637E-003
 8.030035496E-001 3.305826336E-003
 8.220693469E-001 1.692818012E-003
 8.357506394E-001 1.358566515E-004
 8.437277079E-001 -1.539558638E-003
 8.452885747E-001 -3.430758836E-003
 8.392580748E-001 -5.808782764E-003
 8.238055110E-001 -8.921140805E-003
 7.957846522E-001 -1.383952610E-002
 7.482367158E-001 -2.426742576E-002
 6.628199816E-001 -5.322933197E-002
 4.995874465E-001 -1.334083676E-001
 2.025564909E-001 -2.711918354E-001
 0.000000000E+000 0.000000000E+000
 5.000000000E-001 0.000000000E+000
 1.000000000E+000 0.000000000E+000
 1.000000000E+000 0.000000000E+000
 1.000000000E+000 0.000000000E+000
 1.000000000E+000 0.000000000E+000
 1.000000000E+000 0.000000000E+000
 1.000000000E+000 0.000000000E+000
 1.000000000E+000 0.000000000E+000
 1.000000000E+000 0.000000000E+000
 1.000000000E+000 0.000000000E+000
 1.000000000E+000 0.000000000E+000
 1.000000000E+000 0.000000000E+000
 1.000000000E+000 0.000000000E+000
 1.000000000E+000 0.000000000E+000
 1.000000000E+000 0.000000000E+000
 1.000000000E+000 0.000000000E+000
 1.000000000E+000 0.000000000E+000
 1.000000000E+000 0.000000000E+000
 1.000000000E+000 0.000000000E+000
 1.000000000E+000 0.000000000E+000
 1.000000000E+000 0.000000000E+000
 5.000000000E-001 0.000000000E+000
