VARIABLES = "x", "y", "v_x", "v_y", "T", "T_error"
ZONE I=21, J=21, DATAPACKING=BLOCK,VARLOCATION=([3-20]=CELLCENTERED)
     0.0000000      0.0500000      0.1000000      0.1500000      0.2000000      0.2500001      0.3000001      0.3500001      0.4000001      0.4500001      0.5000001      0.5500002      0.6000003      0.6500003      0.7000004      0.7500005      0.8000005      0.8500006      0.9000007      0.9500008      1.0000000
     0.0000000      0.0500000      0.1000000      0.1500000      0.2000000      0.2500001      0.3000001      0.3500001      0.4000001      0.4500001      0.5000001      0.5500002      0.6000003      0.6500003      0.7000004      0.7500005      0.8000005      0.8500006      0.9000007      0.9500008      1.0000000
     0.0000000      0.0500000      0.1000000      0.1500000      0.2000000      0.2500001      0.3000001      0.3500001      0.4000001      0.4500001      0.5000001      0.5500002      0.6000003      0.6500003      0.7000004      0.7500005      0.8000005      0.8500006      0.9000007      0.9500008      1.0000000
     0.0000000      0.0500000      0.1000000      0.1500000      0.2000000      0.2500001      0.3000001      0.3500001      0.4000001      0.4500001      0.5000001      0.5500002      0.6000003      0.6500003      0.7000004      0.7500005      0.8000005      0.8500006      0.9000007      0.9500008      1.0000000
     0.0000000      0.0500000      0.1000000      0.1500000      0.2000000      0.2500001      0.3000001      0.3500001      0.4000001      0.4500001      0.5000001      0.5500002      0.6000003      0.6500003      0.7000004      0.7500005      0.8000005      0.8500006      0.9000007      0.9500008      1.0000000
     0.0000000      0.0500000      0.1000000      0.1500000      0.2000000      0.2500001      0.3000001      0.3500001      0.4000001      0.4500001      0.5000001      0.5500002      0.6000003      0.6500003      0.7000004      0.7500005      0.8000005      0.8500006      0.9000007      0.9500008      1.0000000
     0.0000000      0.0500000      0.1000000      0.1500000      0.2000000      0.2500001      0.3000001      0.3500001      0.4000001      0.4500001      0.5000001      0.5500002      0.6000003      0.6500003      0.7000004      0.7500005      0.8000005      0.8500006      0.9000007      0.9500008      1.0000000
     0.0000000      0.0500000      0.1000000      0.1500000      0.2000000      0.2500001      0.3000001      0.3500001      0.4000001      0.4500001      0.5000001      0.5500002      0.6000003      0.6500003      0.7000004      0.7500005      0.8000005      0.8500006      0.9000007      0.9500008      1.0000000
     0.0000000      0.0500000      0.1000000      0.1500000      0.2000000      0.2500001      0.3000001      0.3500001      0.4000001      0.4500001      0.5000001      0.5500002      0.6000003      0.6500003      0.7000004      0.7500005      0.8000005      0.8500006      0.9000007      0.9500008      1.0000000
     0.0000000      0.0500000      0.1000000      0.1500000      0.2000000      0.2500001      0.3000001      0.3500001      0.4000001      0.4500001      0.5000001      0.5500002      0.6000003      0.6500003      0.7000004      0.7500005      0.8000005      0.8500006      0.9000007      0.9500008      1.0000000
     0.0000000      0.0500000      0.1000000      0.1500000      0.2000000      0.2500001      0.3000001      0.3500001      0.4000001      0.4500001      0.5000001      0.5500002      0.6000003      0.6500003      0.7000004      0.7500005      0.8000005      0.8500006      0.9000007      0.9500008      1.0000000
     0.0000000      0.0500000      0.1000000      0.1500000      0.2000000      0.2500001      0.3000001      0.3500001      0.4000001      0.4500001      0.5000001      0.5500002      0.6000003      0.6500003      0.7000004      0.7500005      0.8000005      0.8500006      0.9000007      0.9500008      1.0000000
     0.0000000      0.0500000      0.1000000      0.1500000      0.2000000      0.2500001      0.3000001      0.3500001      0.4000001      0.4500001      0.5000001      0.5500002      0.6000003      0.6500003      0.7000004      0.7500005      0.8000005      0.8500006      0.9000007      0.9500008      1.0000000
     0.0000000      0.0500000      0.1000000      0.1500000      0.2000000      0.2500001      0.3000001      0.3500001      0.4000001      0.4500001      0.5000001      0.5500002      0.6000003      0.6500003      0.7000004      0.7500005      0.8000005      0.8500006      0.9000007      0.9500008      1.0000000
     0.0000000      0.0500000      0.1000000      0.1500000      0.2000000      0.2500001      0.3000001      0.3500001      0.4000001      0.4500001      0.5000001      0.5500002      0.6000003      0.6500003      0.7000004      0.7500005      0.8000005      0.8500006      0.9000007      0.9500008      1.0000000
     0.0000000      0.0500000      0.1000000      0.1500000      0.2000000      0.2500001      0.3000001      0.3500001      0.4000001      0.4500001      0.5000001      0.5500002      0.6000003      0.6500003      0.7000004      0.7500005      0.8000005      0.8500006      0.9000007      0.9500008      1.0000000
     0.0000000      0.0500000      0.1000000      0.1500000      0.2000000      0.2500001      0.3000001      0.3500001      0.4000001      0.4500001      0.5000001      0.5500002      0.6000003      0.6500003      0.7000004      0.7500005      0.8000005      0.8500006      0.9000007      0.9500008      1.0000000
     0.0000000      0.0500000      0.1000000      0.1500000      0.2000000      0.2500001      0.3000001      0.3500001      0.4000001      0.4500001      0.5000001      0.5500002      0.6000003      0.6500003      0.7000004      0.7500005      0.8000005      0.8500006      0.9000007      0.9500008      1.0000000
     0.0000000      0.0500000      0.1000000      0.1500000      0.2000000      0.2500001      0.3000001      0.3500001      0.4000001      0.4500001      0.5000001      0.5500002      0.6000003      0.6500003      0.7000004      0.7500005      0.8000005      0.8500006      0.9000007      0.9500008      1.0000000
     0.0000000      0.0500000      0.1000000      0.1500000      0.2000000      0.2500001      0.3000001      0.3500001      0.4000001      0.4500001      0.5000001      0.5500002      0.6000003      0.6500003      0.7000004      0.7500005      0.8000005      0.8500006      0.9000007      0.9500008      1.0000000
     0.0000000      0.0500000      0.1000000      0.1500000      0.2000000      0.2500001      0.3000001      0.3500001      0.4000001      0.4500001      0.5000001      0.5500002      0.6000003      0.6500003      0.7000004      0.7500005      0.8000005      0.8500006      0.9000007      0.9500008      1.0000000
     0.0000000      0.0000000      0.0000000      0.0000000      0.0000000      0.0000000      0.0000000      0.0000000      0.0000000      0.0000000      0.0000000      0.0000000      0.0000000      0.0000000      0.0000000      0.0000000      0.0000000      0.0000000      0.0000000      0.0000000      0.0000000
     0.0500000      0.0500000      0.0500000      0.0500000      0.0500000      0.0500000      0.0500000      0.0500000      0.0500000      0.0500000      0.0500000      0.0500000      0.0500000      0.0500000      0.0500000      0.0500000      0.0500000      0.0500000      0.0500000      0.0500000      0.0500000
     0.1000000      0.1000000      0.1000000      0.1000000      0.1000000      0.1000000      0.1000000      0.1000000      0.1000000      0.1000000      0.1000000      0.1000000      0.1000000      0.1000000      0.1000000      0.1000000      0.1000000      0.1000000      0.1000000      0.1000000      0.1000000
     0.1500000      0.1500000      0.1500000      0.1500000      0.1500000      0.1500000      0.1500000      0.1500000      0.1500000      0.1500000      0.1500000      0.1500000      0.1500000      0.1500000      0.1500000      0.1500000      0.1500000      0.1500000      0.1500000      0.1500000      0.1500000
     0.2000000      0.2000000      0.2000000      0.2000000      0.2000000      0.2000000      0.2000000      0.2000000      0.2000000      0.2000000      0.2000000      0.2000000      0.2000000      0.2000000      0.2000000      0.2000000      0.2000000      0.2000000      0.2000000      0.2000000      0.2000000
     0.2500001      0.2500001      0.2500001      0.2500001      0.2500001      0.2500001      0.2500001      0.2500001      0.2500001      0.2500001      0.2500001      0.2500001      0.2500001      0.2500001      0.2500001      0.2500001      0.2500001      0.2500001      0.2500001      0.2500001      0.2500001
     0.3000001      0.3000001      0.3000001      0.3000001      0.3000001      0.3000001      0.3000001      0.3000001      0.3000001      0.3000001      0.3000001      0.3000001      0.3000001      0.3000001      0.3000001      0.3000001      0.3000001      0.3000001      0.3000001      0.3000001      0.3000001
     0.3500001      0.3500001      0.3500001      0.3500001      0.3500001      0.3500001      0.3500001      0.3500001      0.3500001      0.3500001      0.3500001      0.3500001      0.3500001      0.3500001      0.3500001      0.3500001      0.3500001      0.3500001      0.3500001      0.3500001      0.3500001
     0.4000001      0.4000001      0.4000001      0.4000001      0.4000001      0.4000001      0.4000001      0.4000001      0.4000001      0.4000001      0.4000001      0.4000001      0.4000001      0.4000001      0.4000001      0.4000001      0.4000001      0.4000001      0.4000001      0.4000001      0.4000001
     0.4500001      0.4500001      0.4500001      0.4500001      0.4500001      0.4500001      0.4500001      0.4500001      0.4500001      0.4500001      0.4500001      0.4500001      0.4500001      0.4500001      0.4500001      0.4500001      0.4500001      0.4500001      0.4500001      0.4500001      0.4500001
     0.5000001      0.5000001      0.5000001      0.5000001      0.5000001      0.5000001      0.5000001      0.5000001      0.5000001      0.5000001      0.5000001      0.5000001      0.5000001      0.5000001      0.5000001      0.5000001      0.5000001      0.5000001      0.5000001      0.5000001      0.5000001
     0.5500002      0.5500002      0.5500002      0.5500002      0.5500002      0.5500002      0.5500002      0.5500002      0.5500002      0.5500002      0.5500002      0.5500002      0.5500002      0.5500002      0.5500002      0.5500002      0.5500002      0.5500002      0.5500002      0.5500002      0.5500002
     0.6000003      0.6000003      0.6000003      0.6000003      0.6000003      0.6000003      0.6000003      0.6000003      0.6000003      0.6000003      0.6000003      0.6000003      0.6000003      0.6000003      0.6000003      0.6000003      0.6000003      0.6000003      0.6000003      0.6000003      0.6000003
     0.6500003      0.6500003      0.6500003      0.6500003      0.6500003      0.6500003      0.6500003      0.6500003      0.6500003      0.6500003      0.6500003      0.6500003      0.6500003      0.6500003      0.6500003      0.6500003      0.6500003      0.6500003      0.6500003      0.6500003      0.6500003
     0.7000004      0.7000004      0.7000004      0.7000004      0.7000004      0.7000004      0.7000004      0.7000004      0.7000004      0.7000004      0.7000004      0.7000004      0.7000004      0.7000004      0.7000004      0.7000004      0.7000004      0.7000004      0.7000004      0.7000004      0.7000004
     0.7500005      0.7500005      0.7500005      0.7500005      0.7500005      0.7500005      0.7500005      0.7500005      0.7500005      0.7500005      0.7500005      0.7500005      0.7500005      0.7500005      0.7500005      0.7500005      0.7500005      0.7500005      0.7500005      0.7500005      0.7500005
     0.8000005      0.8000005      0.8000005      0.8000005      0.8000005      0.8000005      0.8000005      0.8000005      0.8000005      0.8000005      0.8000005      0.8000005      0.8000005      0.8000005      0.8000005      0.8000005      0.8000005      0.8000005      0.8000005      0.8000005      0.8000005
     0.8500006      0.8500006      0.8500006      0.8500006      0.8500006      0.8500006      0.8500006      0.8500006      0.8500006      0.8500006      0.8500006      0.8500006      0.8500006      0.8500006      0.8500006      0.8500006      0.8500006      0.8500006      0.8500006      0.8500006      0.8500006
     0.9000007      0.9000007      0.9000007      0.9000007      0.9000007      0.9000007      0.9000007      0.9000007      0.9000007      0.9000007      0.9000007      0.9000007      0.9000007      0.9000007      0.9000007      0.9000007      0.9000007      0.9000007      0.9000007      0.9000007      0.9000007
     0.9500008      0.9500008      0.9500008      0.9500008      0.9500008      0.9500008      0.9500008      0.9500008      0.9500008      0.9500008      0.9500008      0.9500008      0.9500008      0.9500008      0.9500008      0.9500008      0.9500008      0.9500008      0.9500008      0.9500008      0.9500008
     1.0000000      1.0000000      1.0000000      1.0000000      1.0000000      1.0000000      1.0000000      1.0000000      1.0000000      1.0000000      1.0000000      1.0000000      1.0000000      1.0000000      1.0000000      1.0000000      1.0000000      1.0000000      1.0000000      1.0000000      1.0000000
      0.00032193789960000      -0.00005404059630000      -0.00152786076100000      -0.00378155917900000      -0.00650217151300000      -0.00940773263600000      -0.01225957926000000      -0.01483779028000000      -0.01691530459000000      -0.01825645939000000      -0.01864315011000000      -0.01792226546000000      -0.01606284641000000      -0.01320642792000000      -0.00968995038400000      -0.00602191640100000      -0.00279518915300000      -0.00052401580610000       0.00048342457740000       0.00038641790160000
      0.00006992913404000      -0.00195511453800000      -0.00644530030000000      -0.01261579897000000      -0.01978945732000000      -0.02732266858000000      -0.03461159766000000      -0.04107877240000000      -0.04615191743000000      -0.04928024858000000      -0.04999694601000000      -0.04801501334000000      -0.04333311692000000      -0.03632102162000000      -0.02774944529000000      -0.01872998103000000      -0.01053876709000000      -0.00431570736700000      -0.00071810482770000       0.00029525501300000
     -0.00024757438220000      -0.00422069337200000      -0.01181008480000000      -0.02160864323000000      -0.03263390437000000      -0.04399771243000000      -0.05484917760000000      -0.06436767429000000      -0.07175236940000000      -0.07625404745000000      -0.07725670189000000      -0.07439266890000000      -0.06766659021000000      -0.05755890533000000      -0.04507185519000000      -0.03167539835000000      -0.01910951175000000      -0.00901129189900000      -0.00246877945000000       0.00011271447150000
     -0.00051309366240000      -0.00639519048900000      -0.01698197797000000      -0.03015257046000000      -0.04462483525000000      -0.05932767689000000      -0.07324992865000000      -0.08542151749000000      -0.09490016103000000      -0.10080417250000000      -0.10239599650000000      -0.09920060635000000      -0.09114001691000000      -0.07866396010000000      -0.06284336001000000      -0.04537345469000000      -0.02841080539000000      -0.01415973436000000      -0.00432337774000000      -0.00000472705551100
     -0.00073084462200000      -0.00834675692000000      -0.02167629451000000      -0.03790113330000000      -0.05546142161000000      -0.07314978540000000      -0.08986219764000000      -0.10455294699999999      -0.11620143800000000      -0.12382878360000001      -0.12656711039999999      -0.12377008800000000      -0.11515793950000000      -0.10099039230000000      -0.08224318177000001      -0.06072448567000000      -0.03901096061000000      -0.02002747171000000      -0.00635756691900000      -0.00007612192712000
     -0.00090610864570000      -0.01000439283000000      -0.02570363507000000      -0.04457640648000000      -0.06483167410000000      -0.08517261595000000      -0.10446125270000001      -0.12163881209999999      -0.13565863670000000      -0.14547093210000001      -0.15006291869999999      -0.14855056999999999      -0.14032982290000001      -0.12529896200000001      -0.10414370890000001      -0.07862309366000000      -0.05169148743000000      -0.02715123259000000      -0.00881499424600000      -0.00014238557200000
     -0.00103647494700000      -0.01130374055000000      -0.02889420278000000      -0.04989862069000000      -0.07235648483000000      -0.09493055940000000      -0.11650443080000000      -0.13606597479999999      -0.15259721879999999      -0.16501569750000000      -0.17217247190000001      -0.17291057109999999      -0.16620762650000001      -0.15143516660000000      -0.12875382599999999      -0.09961047769000000      -0.06715679169000000      -0.03613539785000000      -0.01199844293000000      -0.00024641808700000
     -0.00111425074300000      -0.01217881497000000      -0.03108184226000000      -0.05357364193000000      -0.07758797705000001      -0.10179424290000000      -0.12515066559999999      -0.14675295350000001      -0.16567820310000000      -0.18087717889999999      -0.19112004339999999      -0.19500404599999999      -0.19105976820000001      -0.17800924180000000      -0.15523587170000000      -0.12349747120000000      -0.08574559540000000      -0.04749614373000000      -0.01622160524000000      -0.00043562686190000
     -0.00113241840200000      -0.01258097310000000      -0.03213607892000000      -0.05533911660000000      -0.08007285744000001      -0.10505478829999999      -0.12936770919999999      -0.15227860209999999      -0.17304064329999999      -0.19073724750000001      -0.20417128500000001      -0.21180565660000000      -0.21179601549999999      -0.20218646530000001      -0.18137560780000000      -0.14898388090000000      -0.10711745170000000      -0.06150680408000000      -0.02178758942000000      -0.00077443080950000
     -0.00109275942700000      -0.01251577958000000      -0.03202973306000000      -0.05505948886000000      -0.07947670667999999      -0.10408498350000001      -0.12814015149999999      -0.15114542840000000      -0.17262074350000001      -0.19190795720000001      -0.20800815519999999      -0.21944685280000001      -0.22419868409999999      -0.21974968910000001      -0.20344237979999999      -0.17335300149999999      -0.12991321089999999      -0.07799788564000000      -0.02896693163000000      -0.00136652402600000
     -0.00101676804500000      -0.01209402177000000      -0.03093176521000000      -0.05285387486000000      -0.07574939728000001      -0.09855537117000000      -0.12075608970000000      -0.14215706289999999      -0.16263456640000001      -0.18191942570000000      -0.19939884540000000      -0.21391427520000000      -0.22356519100000000      -0.22558011110000001      -0.21640855070000001      -0.19238835570000001      -0.15145820380000000      -0.09609272331000000      -0.03795383871000000      -0.00239043030900000
     -0.00096310157100000      -0.01160010416000000      -0.02931749634000000      -0.04923412949000000      -0.06929272413000000      -0.08864888549000000      -0.10709595680000000      -0.12481234970000001      -0.14210604130000001      -0.15920065340000000      -0.17603136599999999      -0.19200524690000001      -0.20571002360000001      -0.21458064020000001      -0.21463514859999999      -0.20067718630000000      -0.16765363510000000      -0.11391389370000000      -0.04878207669000000      -0.00415231799700000
     -0.00106266920900000      -0.01159344707000000      -0.02809232846000000      -0.04522084817000000      -0.06106797606000000      -0.07517916709000000      -0.08779034764000000      -0.09953590482000001      -0.11120629310000001      -0.12356600910000000      -0.13718210159999999      -0.15219874680000001      -0.16801685089999999      -0.18281583490000000      -0.19292372469999999      -0.19234235580000000      -0.17319323119999999      -0.12834383550000000      -0.06116811186000000      -0.00715026212900000
     -0.00160047260600000      -0.01308059134000000      -0.02872307785000000      -0.04237991944000000      -0.05253890902000000      -0.05946293101000000      -0.06404811889000001      -0.06748815626000000      -0.07107778638999999      -0.07610050589000000      -0.08373191208000000      -0.09488756210000000      -0.10996028040000000      -0.12833242119999999      -0.14751726390000000      -0.16196110840000000      -0.16206155720000001      -0.13489249349999999      -0.07419879735000000      -0.01211372856000000
     -0.00321253575400000      -0.01781848632000000      -0.03331743553000000      -0.04259995371000000      -0.04517909139000000      -0.04261326417000000      -0.03678000346000000      -0.02954865620000000      -0.02270535007000000      -0.01796509139000000      -0.01698923670000000      -0.02135107853000000      -0.03240530565000000      -0.05094163492000000      -0.07638145238000001      -0.10512945059999999      -0.12796698510000001      -0.12754656370000000      -0.08567103744000000      -0.01991794072000000
     -0.00731792114700000      -0.02872890234000000      -0.04423496500000000      -0.04684744403000000      -0.03858938441000000      -0.02324712649000000      -0.00405255239500000       0.01638880745000000       0.03588809818000000       0.05245870352000000       0.06415305287000000       0.06896498054000000       0.06479673088000000       0.04960690066000000       0.02184981853000000      -0.01808101125000000      -0.06420832872000000      -0.09820470958999999      -0.09067601711000001      -0.03114093095000000
     -0.01675659418000000      -0.04945646971000000      -0.06088262796000000      -0.04987171292000000      -0.02424733527000000       0.00898533407600000       0.04521021619000000       0.08134354651000000       0.11511267720000000       0.14456976950000000       0.16777920720000000       0.18261316420000001       0.18661123509999999       0.17693072560000001       0.15034718810000000       0.10385760660000000       0.03745860979000000      -0.03497435153000000      -0.07871484756000000      -0.04482299834000000
     -0.03512087464000000      -0.07639753073000000      -0.06387025118000000      -0.02251253463000000       0.03088071384000000       0.08754725009000000       0.14296603199999999       0.19472928349999999       0.24131588640000001       0.28141209480000001       0.31355565790000001       0.33592420820000002       0.34605059030000002       0.34098792080000001       0.31681442259999998       0.26825872060000000       0.18962354960000000       0.08217772096000001      -0.02798250876000000      -0.05471965671000000
     -0.05276286975000000      -0.05010195076000000       0.03630212322000000       0.12719559670000000       0.21145185829999999       0.28659701350000000       0.35249242190000002       0.40965172649999998       0.45848989489999997       0.49899846320000002       0.53063285350000000       0.55225247140000000       0.56217980379999999       0.55785983800000005       0.53556424380000001       0.49003428220000000       0.41257208590000000       0.28938040139999999       0.11386472730000000      -0.02862999588000000
      0.16497276720000001       0.34393391010000002       0.48795950410000000       0.58799964189999998       0.65702229739999995       0.70796209570000002       0.74729967119999996       0.77836823460000004       0.80300354959999998       0.82206934690000000       0.83575063940000005       0.84372770789999996       0.84528857469999996       0.83925807480000003       0.82380551099999999       0.79578465220000005       0.74823671579999995       0.66281998160000000       0.49958744649999998       0.20255649090000000
     -0.00031956669410000      -0.00004048558912000       0.00022031286790000       0.00036708021070000       0.00043701031250000       0.00046258769000000       0.00045889263860000       0.00042466077140000       0.00034985566160000       0.00022468592210000       0.00004780985546000      -0.00016721111020000      -0.00038913523890000      -0.00057176087280000      -0.00066365499520000      -0.00062257639370000      -0.00042931549250000      -0.00010953228050000       0.00020833610320000       0.00037420060830000
      0.00002986500840000       0.00189273932500000       0.00363308051600000       0.00480151921500000       0.00540323182900000       0.00551642943200000       0.00519377226000000       0.00444232393100000       0.00325084733800000       0.00163445808000000      -0.00032349460530000      -0.00244460697300000      -0.00445396779100000      -0.00601219898100000      -0.00678458763300000      -0.00653773406500000      -0.00524219870600000      -0.00316354143400000      -0.00094285863450000       0.00047676792020000
      0.00159669376400000       0.00652622897200000       0.01070296299000000       0.01348944101000000       0.01487958897000000       0.01499934122000000       0.01394180954000000       0.01173289865000000       0.00838708505000000       0.00399794755500000      -0.00117885042000000      -0.00667706225100000      -0.01182600297000000      -0.01582602039000000      -0.01790077426000000      -0.01751217060000000      -0.01459698100000000      -0.00975858606400000      -0.00432110345000000      -0.00023672846150000
      0.00436411378900000       0.01373551879000000       0.02101678774000000       0.02569546923000000       0.02789112180000000       0.02782856487000000       0.02565721050000000       0.02143171802000000       0.01520920638000000       0.00718852086000000      -0.00216646958100000      -0.01205588970000000      -0.02135242894000000      -0.02871118486000000      -0.03279925510000000      -0.03263912722000000      -0.02801403217000000      -0.01981126890000000      -0.01009407081000000      -0.00186260906000000
      0.00825215876100000       0.02337869070000000       0.03435763717000000       0.04111576080000000       0.04407530650000000       0.04364409298000000       0.04005953670000000       0.03341389075000000       0.02380618453000000       0.01153294835000000      -0.00274676922700000      -0.01790967956000000      -0.03235946968000000      -0.04414350167000000      -0.05123511329000000      -0.05200607330000000      -0.04584863782000000      -0.03376805037000000      -0.01856982335000000      -0.00445208139700000
      0.01311731897000000       0.03518721089000000       0.05040885881000000       0.05942044407000000       0.06312566251000000       0.06221365184000000       0.05705124512000000       0.04777367786000000       0.03450111672000000       0.01758397184000000      -0.00218512932800000      -0.02342294343000000      -0.04409740865000000      -0.06160689890000000      -0.07306938618000000      -0.07590562105000000      -0.06873079389000000      -0.05234877020000000      -0.03025047109000000      -0.00812446046600000
      0.01878151298000000       0.04879118502000000       0.06873002648000000       0.08016757667000000       0.08465103805000000       0.08325061202000000       0.07650826126000000       0.06460449845000001       0.04764400423000000       0.02595726214000000       0.00036587260550000      -0.02760368027000000      -0.05557533726000000      -0.08030708134000000      -0.09791438282000001      -0.10450415310000000      -0.09735684842000000      -0.07651324570000000      -0.04592584819000000      -0.01315040141000000
      0.02503353357000000       0.06373795122000001       0.08876968175000000       0.10278995339999999       0.10812628270000001       0.10632517190000000       0.09815330058000001       0.08384083956000001       0.06343508512000000       0.03715693578000000       0.00572274299300000      -0.02936298959000000      -0.06554468720999999      -0.09904024750000000      -0.12489943210000000      -0.13756239410000001      -0.13226206600000001      -0.10736405100000000      -0.06668484956000000      -0.01996904053000000
      0.03162754327000000       0.07949979603000000       0.10986323650000000       0.12656639519999999       0.13282744590000001       0.13076020780000000       0.12141282859999999       0.10508073120000000       0.08172184229000000       0.05136257410000000       0.01447157282000000      -0.02766811661000000      -0.07256312668000001      -0.11612369120000000      -0.15244221690000001      -0.17407564819999999      -0.17343907059999999      -0.14589244130000001      -0.09384062886000000      -0.02918551117000000
      0.03829923645000000       0.09550426155000000       0.13124968109999999       0.15061008930000000       0.15778695050000000       0.15555198490000000       0.14530342820000000       0.12743714449999999       0.10181556640000000       0.06821344048000000       0.02672941051000000      -0.02178089507000000      -0.07518807054000000      -0.12947605549999999      -0.17813801770000001      -0.21193335950000000      -0.21984712779999999      -0.19255806510000001      -0.12876614929999999      -0.04157085344000000
      0.04480805993000000       0.11120381209999999       0.15212470289999999       0.17389304940000000       0.18179112670000000       0.17934602499999999       0.16838704050000000       0.14946810899999999       0.12238481640000000       0.08664947002999999       0.04191861302000000      -0.01155057084000000      -0.07230819762000000      -0.13691081110000000      -0.19888916609999999      -0.24774940309999999      -0.26891818639999998      -0.24670369919999999      -0.17259646949999999      -0.05806764960000000
      0.05101368949000000       0.12619319560000000       0.17173412439999999       0.19530743360000000       0.20342446859999999       0.20047964160000001       0.18881855910000001       0.16922265289999999       0.14147877689999999       0.10487733780000000       0.05863294750000000       0.00231603020800000      -0.06355939805999999      -0.13664378229999999      -0.21135948600000001      -0.27703511710000001      -0.31624785070000000      -0.30587267880000002      -0.22574049230000001      -0.07980082183999999
      0.05700377747000000       0.14037758110000001       0.18949458000000000       0.21374553439999999       0.22114244100000000       0.21707712109999999       0.20447768270000000       0.18440546099999999       0.15670059619999999       0.12050745640000000       0.07467363774999999       0.01811352000000000      -0.04970344529000000      -0.12791684270000001      -0.21273522080000001      -0.29482710359999997      -0.35570135710000000      -0.36520761250000000      -0.28716623780000000      -0.10808244350000000
      0.06331638247000000       0.15418614450000001       0.20509746670000001       0.22814211249999999       0.23331670460000001       0.22714160380000001       0.21312719580000000       0.19260181490000000       0.16548244660000000       0.13084244730000000       0.08728759736000000       0.03323074430000000      -0.03279352561000000      -0.11152301730000000      -0.20160713790000001      -0.29670876260000001      -0.38007453079999998      -0.41718819740000002      -0.35349377990000003      -0.14435504380000000
      0.07135131955000000       0.16878475250000000       0.21848019960000001       0.23736059670000001       0.23814445730000000       0.22853706779999999       0.21248310800000000       0.19143761690000000       0.16533298790000001       0.13320447499999999       0.09354831278000000       0.04451381043000000      -0.01596994698000000      -0.08995629102000000      -0.17863976960000000      -0.27994942670000000      -0.38224002720000000      -0.45194143060000003      -0.41803410650000000      -0.18992745880000000
      0.08411772549000000       0.18609185519999999       0.22942729290000000       0.23972599210000001       0.23326237499999999       0.21873176100000000       0.20008568469999999       0.17856779689999999       0.15394744280000000       0.12518845500000000       0.09077624232000001       0.04884497076000000      -0.00283566094000000      -0.06697755307000000      -0.14668782059999999      -0.24441462759999999      -0.35659408570000001      -0.45811694860000002      -0.46992409229999998      -0.24526216090000000
      0.10754904150000000       0.20808838310000000       0.23611906169999999       0.23153659700000001       0.21463808420000000       0.19413042070000000       0.17298035319999999       0.15161626040000001       0.12936075029999999       0.10502634199999999       0.07715000957000000       0.04405158758000000       0.00376324891100000      -0.04635367915000000      -0.11000256240000000      -0.19285392760000000      -0.30058363080000000      -0.42372202869999998      -0.49307179449999999      -0.30819061399999997
      0.15275008979999999       0.23357270660000001       0.22911052409999999       0.20230005679999999       0.17398649450000001       0.14902551470000000       0.12759248910000001       0.10859631750000000       0.09069355577000000       0.07253922522000000       0.05281856656000000       0.03021039255000000       0.00322698312800000      -0.02986041270000000      -0.07221508025999999      -0.12989473339999999      -0.21498191359999999      -0.33859753609999999      -0.46449890729999999      -0.36795946959999998
      0.23120687900000000       0.23854999239999999       0.17819888889999999       0.13305287060000001       0.10175912080000001       0.07984815537999999       0.06400354207000000       0.05177847296000000       0.04147029668000000       0.03186792880000000       0.02204448730000000       0.01123235840000000      -0.00135436607500000      -0.01648371294000000      -0.03581746295000000      -0.06311229616000000      -0.10939750819999999      -0.20092006030000001      -0.35408130290000001      -0.38738495109999999
      0.22271095220000001       0.12233884630000000       0.06195879728000000       0.03415514901000000       0.02016568929000000       0.01244448218000000       0.00800450053100000       0.00525050563700000       0.00330582633600000       0.00169281801200000       0.00013585665150000      -0.00153955863800000      -0.00343075883600000      -0.00580878276400000      -0.00892114080500000      -0.01383952610000000      -0.02426742576000000      -0.05322933197000000      -0.13340836759999999      -0.27119183540000003
      1.05860360275354815       1.17431557549068266       1.28536403876544392       1.38824762521426814       1.48012195260180945       1.55922117265070548       1.62514189367673034       1.67871805706282129       1.72164113620347048       1.75602858836985565       1.78406290111010990       1.80775214778251714       1.82881815774198064       1.84867552347228226       1.86843424037286931       1.88891055459176394       1.91063668773011686       1.93399960620795430       1.95928389699449967       1.98637237048550075
      1.06004112243689219       1.17862581882730155       1.29257715918948657       1.39758897688857808       1.49057425150527201       1.56973509894916763       1.63481360188891234       1.68690986856512870       1.72800043612545307       1.76043711090599286       1.78656487970678102       1.80849661051897237       1.82805224406249867       1.84674138426226198       1.86576169172821449       1.88600098776484559       1.90802532301010586       1.93212147068501872       1.95834505779374268       1.98617120613441456
      1.06250008116459682       1.18535592243891519       1.30324114849681982       1.41080813256257587       1.50475228676756512       1.58336705964205215       1.64671983842865099       1.69636845717457074       1.73472972436000439       1.76448270124538253       1.78815977068742438       1.80795616067669407       1.82578340993938681       1.84321345301989248       1.86148762799867384       1.88151700033417435       1.90385441356296115       1.92873593039014102       1.95620469095843252       1.98520481071062860
      1.06538715640231185       1.19331856962118277       1.31563783824705305       1.42581816429880259       1.52036852737841888       1.59778875884141924       1.65860571581084848       1.70493888013627570       1.73970328886449210       1.76593134224884118       1.78635984366042044       1.80329857853003261       1.81884420886949827       1.83471101224404842       1.85224924673728375       1.87242840184380333       1.89577369646986149       1.92242674421919491       1.95237419236672083       1.98373844880497008
      1.06828114870928625       1.20131352349442300       1.32788114252725920       1.44026751925837226       1.53484383269988145       1.61040406824333648       1.66801595647329615       1.71040475863677566       1.74099576639574583       1.76317810614151393       1.77990818326013245       1.79361394074589042       1.80663400762432036       1.82087146660784405       1.83782987798608244       1.85858121303043800       1.88365505157498569       1.91309222577682059       1.94674486052882512       1.98170594549193102
      1.07091659048101029       1.20856458180888859       1.33878226615365703       1.45274161592578110       1.54671405068044376       1.61982960330648074       1.67372400135744748       1.71172878372753834       1.73776965761474300       1.75559404382283368       1.76840469730473071       1.77873519935398328       1.78916517624312155       1.80180726787667367       1.81835044558723835       1.84002508707950607       1.86744333604230595       1.90060377505483102       1.93918602265282991       1.97898585685599704
      1.07311070014977350       1.21457879856785178       1.34763609834486364       1.46247071411168283       1.55527111656408201       1.62550135918983152       1.67534676563617713       1.70871296215701340       1.72999984683386354       1.74330706609023123       1.75209660271236323       1.75910074553776274       1.76696484935566378       1.77804912836608753       1.79426079621808432       1.81705653498519282       1.84725152950024452       1.88494463233528653       1.92967069164182203       1.97550792853749746
      1.07474098245007266       1.21904607687089150       1.35403214071722600       1.46906125806282950       1.56023790475201185       1.62732499706461686       1.67300278420943749       1.70169021520214292       1.71821742663886234       1.72701909489139682       1.73182240440397517       1.73561881891517755       1.74095644427447716       1.75046451937365610       1.76629907107681494       1.79021617628990315       1.82338025788679969       1.86622064923237407       1.91825556827718491       1.97122063302296446
      1.07574187222051854       1.22180485986045251       1.35778146287010903       1.47238403065481793       1.56162642132802243       1.62551630254459223       1.66714439517440449       1.69135149750874514       1.70332631980164040       1.70779819210121797       1.70875116018354767       1.70941737168798036       1.71220806116606927       1.72000858227582132       1.73525385931332554       1.76007750924082873       1.79614595910890773       1.84451923027154430       1.90497921379094781       1.96604897679208146
      1.07610782031862429       1.22283208354950834       1.35888519138328379       1.47251032079636346       1.55964093503590395       1.62047593781313681       1.65841027073338632       1.67858031809646890       1.68642052347825100       1.68687222390535796       1.68413120408191697       1.68166759190686110       1.68178792127661936       1.68759389924245951       1.70183837035189800       1.72712432367624857       1.76576991695269858       1.81980016339063622       1.88975474624185069       1.95986871193265721
      1.07590197139692578       1.22224832425893304       1.35752564077411964       1.46967016200022482       1.55459531842049614       1.61266668109847089       1.64747039984134491       1.66428135928437837       1.66862103505026527       1.66550617688332747       1.65924954205566921       1.65354271118996121       1.65077716948909603       1.65412877518697443       1.66672975866137651       1.69177386820328279       1.73238561763444499       1.79187743648500675       1.87226805393980333       1.95250095686031377
      1.07526609464475853       1.22032919027183628       1.35406704196270078       1.46421911548766959       1.54683365534774708       1.60248458268086202       1.63485344225908480       1.64918360471214087       1.65089092352785172       1.64487540225644358       1.63538286967037316       1.62616469561611088       1.62038083502806196       1.62066113448066695       1.63071826488869043       1.65450471128268028       1.69613656427161019       1.76049984409202365       1.85190727112924458       1.94373123130006698
      1.07442274115041747       1.21750688962867248       1.34903848141418470       1.45658294056329796       1.53662902878212604       1.59010530934615413       1.62073579480109742       1.63357757992298347       1.63375186605078526       1.62584544272847320       1.61383783082255716       1.60136110168828538       1.59208453017629115       1.58851101613906298       1.59487218512829165       1.61601991378861687       1.65730398400829726       1.72548762123048749       1.82778128155454533       1.93334189026312964
      1.07365792360361612       1.21433732196087263       1.34303708907672492       1.44710643743828493       1.52399798429970446       1.57526349186608816       1.60466377923319614       1.61694646121127139       1.61678546028677328       1.60829673946103835       1.59499817914760933       1.58013245533586288       1.56724441877059895       1.55919057580227771       1.56061893425274945       1.57739532906757929       1.61642561733940715       1.68683732141608567       1.79886277449450183       1.92113147081948443
      1.07326423965367201       1.21136874596675437       1.33638729930643785       1.43563228792142494       1.50829454002922647       1.55687577640667874       1.58516517844461013       1.59749896446299178       1.59801837336390773       1.59032352575754721       1.57735830079764638       1.56172750357250512       1.54631086075815816       1.53398257425902229       1.52965462732372082       1.54021174789587478       1.57443831414172153       1.64468564789939564       1.76413062328009107       1.90687228874745007
      1.07331009097854690       1.20867423771906246       1.32832793668771987       1.42071926029768902       1.48756564239894096       1.53252039423105058       1.55927286416793276       1.57163287628434478       1.57324568328394876       1.56742962177839851       1.55655875417016709       1.54255322365610992       1.52731994214812516       1.51286826445139533       1.50345376969769751       1.50659726202298327       1.53289168110947194       1.59918164062196122       1.72242540393438293       1.88992160100363882
      1.07286507022749578       1.20480781935418979       1.31608671291518076       1.39892830579528393       1.45801312821372275       1.49813937421534260       1.52192242049359949       1.53376681965464434       1.53703845692352714       1.53415202902623893       1.52682780837078913       1.51640325606419979       1.50408872467414945       1.49137986091216024       1.48117613494073264       1.47895064613056482       1.49423378138661844       1.55135893147893533       1.67223606078537546       1.86779566814219922
      1.07067643617154040       1.19733593595245225       1.29290345165045095       1.36177288788070805       1.41156150892245180       1.44398619099221426       1.46469121906207200       1.47701178707258740       1.48316600441157775       1.48468260829113596       1.48266226869305506       1.47803020318625267       1.47160311816617262       1.46447986856067125       1.45844635378997145       1.45671306410652646       1.46613480487518100       1.50586812241757229       1.61229422731838445       1.83547879006277337
      1.07897923108107285       1.18445578694504094       1.24173856969272900       1.29092069166603207       1.32868001742654962       1.35702693666754937       1.37849214244285068       1.39473854627945970       1.40688946072175614       1.41575773029655561       1.42197411713049093       1.42604760792148499       1.42853899027245945       1.43091422767907162       1.43387710784727673       1.43902608693972600       1.45038877397302679       1.47810020626261052       1.54676320103336606       1.79326034075898200
      1.03189849689141466       1.13706240904874556       1.17821728028958761       1.21498028576955064       1.24881297263852353       1.27790552166468752       1.30280555315778401       1.32416092753116055       1.34238076912297655       1.35777185664482225       1.37059302264562488       1.38107940503627269       1.38957696947425258       1.39668924488390100       1.40297519961153316       1.40956699489861981       1.41890675514793108       1.43593839049168515       1.49123336467081202       1.75365905602636363
      0.00038252996480703       0.00049197813367319       0.00010728745592725       0.00150508758373391       0.00339737435697551       0.00539160268119143       0.00712600084608195       0.00836714811780281       0.00904517747214739       0.00922261211086917       0.00903203508499362       0.00861559827161651       0.00808015602220247       0.00747593792558721       0.00680646045819078       0.00605231010181984       0.00519164675053641       0.00414126230443235       0.00273739662392092       0.00089027855364754
      0.00062277519509646       0.00108724716086139       0.00079405979399283       0.00064808233563929       0.00276014246831557       0.00498934426862097       0.00688855085202578       0.00820627308083166       0.00890698672394652       0.00910975482462983       0.00899577132535989       0.00872952482243794       0.00839638977050428       0.00799620601711737       0.00747148456009739       0.00674470300540364       0.00575646184451339       0.00445845311167570       0.00278922607260434       0.00084474256308853
      0.00107057085183015       0.00172663431326670       0.00147735030479001       0.00034341452072506       0.00293956969962350       0.00552070429096341       0.00753816673347840       0.00874522784062481       0.00918280667623761       0.00907480375276370       0.00870241230880586       0.00830260596162702       0.00796223874013113       0.00765667237329948       0.00728599699028676       0.00672112753945509       0.00585614744650786       0.00461164305404049       0.00288253573377251       0.00099498197370784
      0.00154137270712984       0.00242635453009488       0.00218183339441058       0.00009023316880397       0.00319924502619218       0.00608474197940767       0.00811025500613549       0.00907247355359475       0.00913208567469204       0.00865123343082075       0.00803100598925377       0.00758471492185175       0.00736959468864484       0.00730950344941239       0.00723385596563675       0.00693323682618008       0.00623418656930796       0.00500693882628600       0.00308564727896032       0.00115070887541291
      0.00193847115415857       0.00297440596127996       0.00263996800891952       0.00012342345879712       0.00369827136312229       0.00676006235563797       0.00861644366766068       0.00914878200539404       0.00867055826782892       0.00770037272309820       0.00676447854139250       0.00626754325575130       0.00622661530836566       0.00650961067551825       0.00686521924698957       0.00697913242502790       0.00657121301630192       0.00542179386150221       0.00329418935212100       0.00129439835785616
      0.00223456707733538       0.00330234183771450       0.00278262693691200       0.00046300834820445       0.00439952754546147       0.00747117942024611       0.00896816806316914       0.00888907804377292       0.00771783420771033       0.00613070444198216       0.00476851243301102       0.00414720930023471       0.00426234475823406       0.00493803891755595       0.00584930407514406       0.00656364327908776       0.00664833603789172       0.00572793419903639       0.00345579546626495       0.00144946531530821
      0.00241564455886256       0.00340597635946138       0.00264319183679684       0.00102042556746607       0.00517660140939435       0.00808659598159256       0.00905873564810455       0.00822864877423535       0.00625314241087316       0.00395555221105059       0.00207522921568615       0.00118887570839288       0.00138184241607631       0.00243922377496808       0.00398539048172974       0.00547860086076235       0.00629726879862103       0.00581827774881227       0.00350470109603074       0.00162653031952642
      0.00247336524620234       0.00329887168532328       0.00227579951021428       0.00170158200071335       0.00592310440829003       0.00852299663711686       0.00885609703169299       0.00720164548341740       0.00437662277765583       0.00132525339912026       0.00114639514509540       0.00245279502368523       0.00232026381029105       0.00098487721689566       0.00117495088799024       0.00355624718230585       0.00534573439331720       0.00556556593607038       0.00335100590900761       0.00183390691940144
      0.00240948560712440       0.00300562094202506       0.00173915806523195       0.00242652646364849       0.00656968012110215       0.00875593141217668       0.00840884959454447       0.00594567470695972       0.00231705469125043       0.00145237200224813       0.00454043690880823       0.00638299296857192       0.00650023866356664       0.00510804478657612       0.00251196170655210       0.00072098425886824       0.00364756335967165       0.00484313154514315       0.00289900370164786       0.00208966720306203
      0.00223769459957457       0.00255675974160474       0.00108776998798277       0.00313909211930707       0.00708918692531757       0.00881802718179459       0.00783570733251326       0.00468309559921665       0.00040991320293327       0.00392636950372505       0.00754489920723200       0.00996741917377486       0.01055105212662033       0.00944068170202939       0.00678050694371746       0.00295579976124483       0.00111487449393155       0.00354218687281871       0.00207004122406973       0.00242514175383424
      0.00198579119784204       0.00198003187916096       0.00036134784534192       0.00381836641722189       0.00750298374831160       0.00879417665833881       0.00730455374354966       0.00367941828734086       0.00097146280208005       0.00560144608231838       0.00952151081738184       0.01241942361480919       0.01366028081501791       0.01323418445274549       0.01106404221680157       0.00718809970892731       0.00223483309088635       0.00158507122527285       0.00083538058674792       0.00288211059352828
      0.00169263692662858       0.00128604971805335       0.00043211309051572       0.00449431533074129       0.00789020595734069       0.00881745015701552       0.00700802360664621       0.00318816094601460       0.00151201575294047       0.00608563397852491       0.00994380538856920       0.01294445706451341       0.01498269736142555       0.01557429807216937       0.01452175657398036       0.01140297290477510       0.00620379415414529       0.00105860327115903       0.00074869051907345       0.00350067030020618
      0.00139619127450707       0.00043972641638867       0.00135008848279228       0.00528125451965311       0.00841103753042272       0.00907595380771220       0.00714966032146735       0.00341263933752911       0.00103303062642857       0.00525122224879060       0.00874896497913347       0.01154434465789844       0.01403058939475055       0.01565210322829613       0.01617768182203427       0.01473630427467243       0.01033332275530796       0.00435001122603462       0.00254378237238240       0.00429626974216846
      0.00110792182886743       0.00068133534460268       0.00257932171289599       0.00643895381989867       0.00934536823533283       0.00982467717992386       0.00793558826608654       0.00449045683188432       0.00050610386991912       0.00319442156766714       0.00619491394588256       0.00858394369617743       0.01096171632456100       0.01320967149065955       0.01530245162435717       0.01621471241464900       0.01388513275055581       0.00814282299414493       0.00440800377285422       0.00522363635758893
      0.00078222194387578       0.00232239875171214       0.00453976542363133       0.00843606405272423       0.01107760738995400       0.01130602367574729       0.00946454581580458       0.00639520444517161       0.00296187212563526       0.00020772903283706       0.00277870229274191       0.00479728535905588       0.00678475493163089       0.00902616471535778       0.01202648458366085       0.01523098716290350       0.01598625545351040       0.01209085715422686       0.00629724607486470       0.00611996959298455
      0.00024247518947584       0.00485159741723917       0.00783669604695236       0.01163896988683821       0.01358862035562758       0.01316642859800077       0.01118276118752692       0.00851989291058819       0.00577255298524271       0.00314913205458822       0.00085455570051063       0.00110140111771484       0.00296937650999540       0.00495131309065622       0.00785057601567640       0.01225022804393205       0.01601294073155723       0.01551588001181270       0.00821909279779987       0.00673855413224633
      0.00103732813054591       0.00827811802769851       0.01186034688951754       0.01440844418870979       0.01455160475529693       0.01276082506415566       0.01083812740290180       0.00880106137107040       0.00672571074446471       0.00473442241283573       0.00293306088651801       0.00132887905530865       0.00019799937564424       0.00196699911095632       0.00476902998081252       0.00936778005977534       0.01419672088998580       0.01786985510646844       0.01009828043444694       0.00725077052401157
      0.00189875515853555       0.00808810495286594       0.01158095626021183       0.01145525138886894       0.00870470616189623       0.00698810881836842       0.00556148112701349       0.00430197768574858       0.00318926232235395       0.00223193170801539       0.00143011031239559       0.00070031411981819       0.00009079098423381       0.00133777527224521       0.00376460935309875       0.00834538327553136       0.01498953301068506       0.02034516219147564       0.01199794761234774       0.00847270482112794
      0.01615538670056127       0.01208018539478783       0.00126197275709616       0.00196246361125096       0.00078740713765324       0.00012475860432093       0.00070938209213312       0.00103902875082107       0.00119625860506556       0.00126180597318770       0.00131737255640663       0.00144210146193768       0.00179440097030481       0.00322442032291637       0.00601077132160510       0.01102005224102776       0.01968945444430581       0.03050244008429193       0.01731504897586511       0.00791768418817607
      0.00219395050437643       0.03549508556895442       0.02482999250013029       0.01874487254413659       0.01601243835467647       0.01379513662344301       0.01177509221047224       0.00996602862105500       0.00832885263648264       0.00682289227960453       0.00541655311276990       0.00409432895509654       0.00293244847231500       0.00223183534662197       0.00220495030744150       0.00368051691148530       0.00760611680904510       0.01899531589672243       0.03491410650140780       0.00190518288342978
