VARIABLES = "x", "y", "v_x", "v_y", "T", "T_error"
ZONE I=21, J=21, DATAPACKING=BLOCK,VARLOCATION=([3-20]=CELLCENTERED)
     0.0000000      0.0500000      0.1000000      0.1500000      0.2000000      0.2500001      0.3000001      0.3500001      0.4000001      0.4500001      0.5000001      0.5500002      0.6000003      0.6500003      0.7000004      0.7500005      0.8000005      0.8500006      0.9000007      0.9500008      1.0000000
     0.0000000      0.0500000      0.1000000      0.1500000      0.2000000      0.2500001      0.3000001      0.3500001      0.4000001      0.4500001      0.5000001      0.5500002      0.6000003      0.6500003      0.7000004      0.7500005      0.8000005      0.8500006      0.9000007      0.9500008      1.0000000
     0.0000000      0.0500000      0.1000000      0.1500000      0.2000000      0.2500001      0.3000001      0.3500001      0.4000001      0.4500001      0.5000001      0.5500002      0.6000003      0.6500003      0.7000004      0.7500005      0.8000005      0.8500006      0.9000007      0.9500008      1.0000000
     0.0000000      0.0500000      0.1000000      0.1500000      0.2000000      0.2500001      0.3000001      0.3500001      0.4000001      0.4500001      0.5000001      0.5500002      0.6000003      0.6500003      0.7000004      0.7500005      0.8000005      0.8500006      0.9000007      0.9500008      1.0000000
     0.0000000      0.0500000      0.1000000      0.1500000      0.2000000      0.2500001      0.3000001      0.3500001      0.4000001      0.4500001      0.5000001      0.5500002      0.6000003      0.6500003      0.7000004      0.7500005      0.8000005      0.8500006      0.9000007      0.9500008      1.0000000
     0.0000000      0.0500000      0.1000000      0.1500000      0.2000000      0.2500001      0.3000001      0.3500001      0.4000001      0.4500001      0.5000001      0.5500002      0.6000003      0.6500003      0.7000004      0.7500005      0.8000005      0.8500006      0.9000007      0.9500008      1.0000000
     0.0000000      0.0500000      0.1000000      0.1500000      0.2000000      0.2500001      0.3000001      0.3500001      0.4000001      0.4500001      0.5000001      0.5500002      0.6000003      0.6500003      0.7000004      0.7500005      0.8000005      0.8500006      0.9000007      0.9500008      1.0000000
     0.0000000      0.0500000      0.1000000      0.1500000      0.2000000      0.2500001      0.3000001      0.3500001      0.4000001      0.4500001      0.5000001      0.5500002      0.6000003      0.6500003      0.7000004      0.7500005      0.8000005      0.8500006      0.9000007      0.9500008      1.0000000
     0.0000000      0.0500000      0.1000000      0.1500000      0.2000000      0.2500001      0.3000001      0.3500001      0.4000001      0.4500001      0.5000001      0.5500002      0.6000003      0.6500003      0.7000004      0.7500005      0.8000005      0.8500006      0.9000007      0.9500008      1.0000000
     0.0000000      0.0500000      0.1000000      0.1500000      0.2000000      0.2500001      0.3000001      0.3500001      0.4000001      0.4500001      0.5000001      0.5500002      0.6000003      0.6500003      0.7000004      0.7500005      0.8000005      0.8500006      0.9000007      0.9500008      1.0000000
     0.0000000      0.0500000      0.1000000      0.1500000      0.2000000      0.2500001      0.3000001      0.3500001      0.4000001      0.4500001      0.5000001      0.5500002      0.6000003      0.6500003      0.7000004      0.7500005      0.8000005      0.8500006      0.9000007      0.9500008      1.0000000
     0.0000000      0.0500000      0.1000000      0.1500000      0.2000000      0.2500001      0.3000001      0.3500001      0.4000001      0.4500001      0.5000001      0.5500002      0.6000003      0.6500003      0.7000004      0.7500005      0.8000005      0.8500006      0.9000007      0.9500008      1.0000000
     0.0000000      0.0500000      0.1000000      0.1500000      0.2000000      0.2500001      0.3000001      0.3500001      0.4000001      0.4500001      0.5000001      0.5500002      0.6000003      0.6500003      0.7000004      0.7500005      0.8000005      0.8500006      0.9000007      0.9500008      1.0000000
     0.0000000      0.0500000      0.1000000      0.1500000      0.2000000      0.2500001      0.3000001      0.3500001      0.4000001      0.4500001      0.5000001      0.5500002      0.6000003      0.6500003      0.7000004      0.7500005      0.8000005      0.8500006      0.9000007      0.9500008      1.0000000
     0.0000000      0.0500000      0.1000000      0.1500000      0.2000000      0.2500001      0.3000001      0.3500001      0.4000001      0.4500001      0.5000001      0.5500002      0.6000003      0.6500003      0.7000004      0.7500005      0.8000005      0.8500006      0.9000007      0.9500008      1.0000000
     0.0000000      0.0500000      0.1000000      0.1500000      0.2000000      0.2500001      0.3000001      0.3500001      0.4000001      0.4500001      0.5000001      0.5500002      0.6000003      0.6500003      0.7000004      0.7500005      0.8000005      0.8500006      0.9000007      0.9500008      1.0000000
     0.0000000      0.0500000      0.1000000      0.1500000      0.2000000      0.2500001      0.3000001      0.3500001      0.4000001      0.4500001      0.5000001      0.5500002      0.6000003      0.6500003      0.7000004      0.7500005      0.8000005      0.8500006      0.9000007      0.9500008      1.0000000
     0.0000000      0.0500000      0.1000000      0.1500000      0.2000000      0.2500001      0.3000001      0.3500001      0.4000001      0.4500001      0.5000001      0.5500002      0.6000003      0.6500003      0.7000004      0.7500005      0.8000005      0.8500006      0.9000007      0.9500008      1.0000000
     0.0000000      0.0500000      0.1000000      0.1500000      0.2000000      0.2500001      0.3000001      0.3500001      0.4000001      0.4500001      0.5000001      0.5500002      0.6000003      0.6500003      0.7000004      0.7500005      0.8000005      0.8500006      0.9000007      0.9500008      1.0000000
     0.0000000      0.0500000      0.1000000      0.1500000      0.2000000      0.2500001      0.3000001      0.3500001      0.4000001      0.4500001      0.5000001      0.5500002      0.6000003      0.6500003      0.7000004      0.7500005      0.8000005      0.8500006      0.9000007      0.9500008      1.0000000
     0.0000000      0.0500000      0.1000000      0.1500000      0.2000000      0.2500001      0.3000001      0.3500001      0.4000001      0.4500001      0.5000001      0.5500002      0.6000003      0.6500003      0.7000004      0.7500005      0.8000005      0.8500006      0.9000007      0.9500008      1.0000000
     0.0000000      0.0000000      0.0000000      0.0000000      0.0000000      0.0000000      0.0000000      0.0000000      0.0000000      0.0000000      0.0000000      0.0000000      0.0000000      0.0000000      0.0000000      0.0000000      0.0000000      0.0000000      0.0000000      0.0000000      0.0000000
     0.0500000      0.0500000      0.0500000      0.0500000      0.0500000      0.0500000      0.0500000      0.0500000      0.0500000      0.0500000      0.0500000      0.0500000      0.0500000      0.0500000      0.0500000      0.0500000      0.0500000      0.0500000      0.0500000      0.0500000      0.0500000
     0.1000000      0.1000000      0.1000000      0.1000000      0.1000000      0.1000000      0.1000000      0.1000000      0.1000000      0.1000000      0.1000000      0.1000000      0.1000000      0.1000000      0.1000000      0.1000000      0.1000000      0.1000000      0.1000000      0.1000000      0.1000000
     0.1500000      0.1500000      0.1500000      0.1500000      0.1500000      0.1500000      0.1500000      0.1500000      0.1500000      0.1500000      0.1500000      0.1500000      0.1500000      0.1500000      0.1500000      0.1500000      0.1500000      0.1500000      0.1500000      0.1500000      0.1500000
     0.2000000      0.2000000      0.2000000      0.2000000      0.2000000      0.2000000      0.2000000      0.2000000      0.2000000      0.2000000      0.2000000      0.2000000      0.2000000      0.2000000      0.2000000      0.2000000      0.2000000      0.2000000      0.2000000      0.2000000      0.2000000
     0.2500001      0.2500001      0.2500001      0.2500001      0.2500001      0.2500001      0.2500001      0.2500001      0.2500001      0.2500001      0.2500001      0.2500001      0.2500001      0.2500001      0.2500001      0.2500001      0.2500001      0.2500001      0.2500001      0.2500001      0.2500001
     0.3000001      0.3000001      0.3000001      0.3000001      0.3000001      0.3000001      0.3000001      0.3000001      0.3000001      0.3000001      0.3000001      0.3000001      0.3000001      0.3000001      0.3000001      0.3000001      0.3000001      0.3000001      0.3000001      0.3000001      0.3000001
     0.3500001      0.3500001      0.3500001      0.3500001      0.3500001      0.3500001      0.3500001      0.3500001      0.3500001      0.3500001      0.3500001      0.3500001      0.3500001      0.3500001      0.3500001      0.3500001      0.3500001      0.3500001      0.3500001      0.3500001      0.3500001
     0.4000001      0.4000001      0.4000001      0.4000001      0.4000001      0.4000001      0.4000001      0.4000001      0.4000001      0.4000001      0.4000001      0.4000001      0.4000001      0.4000001      0.4000001      0.4000001      0.4000001      0.4000001      0.4000001      0.4000001      0.4000001
     0.4500001      0.4500001      0.4500001      0.4500001      0.4500001      0.4500001      0.4500001      0.4500001      0.4500001      0.4500001      0.4500001      0.4500001      0.4500001      0.4500001      0.4500001      0.4500001      0.4500001      0.4500001      0.4500001      0.4500001      0.4500001
     0.5000001      0.5000001      0.5000001      0.5000001      0.5000001      0.5000001      0.5000001      0.5000001      0.5000001      0.5000001      0.5000001      0.5000001      0.5000001      0.5000001      0.5000001      0.5000001      0.5000001      0.5000001      0.5000001      0.5000001      0.5000001
     0.5500002      0.5500002      0.5500002      0.5500002      0.5500002      0.5500002      0.5500002      0.5500002      0.5500002      0.5500002      0.5500002      0.5500002      0.5500002      0.5500002      0.5500002      0.5500002      0.5500002      0.5500002      0.5500002      0.5500002      0.5500002
     0.6000003      0.6000003      0.6000003      0.6000003      0.6000003      0.6000003      0.6000003      0.6000003      0.6000003      0.6000003      0.6000003      0.6000003      0.6000003      0.6000003      0.6000003      0.6000003      0.6000003      0.6000003      0.6000003      0.6000003      0.6000003
     0.6500003      0.6500003      0.6500003      0.6500003      0.6500003      0.6500003      0.6500003      0.6500003      0.6500003      0.6500003      0.6500003      0.6500003      0.6500003      0.6500003      0.6500003      0.6500003      0.6500003      0.6500003      0.6500003      0.6500003      0.6500003
     0.7000004      0.7000004      0.7000004      0.7000004      0.7000004      0.7000004      0.7000004      0.7000004      0.7000004      0.7000004      0.7000004      0.7000004      0.7000004      0.7000004      0.7000004      0.7000004      0.7000004      0.7000004      0.7000004      0.7000004      0.7000004
     0.7500005      0.7500005      0.7500005      0.7500005      0.7500005      0.7500005      0.7500005      0.7500005      0.7500005      0.7500005      0.7500005      0.7500005      0.7500005      0.7500005      0.7500005      0.7500005      0.7500005      0.7500005      0.7500005      0.7500005      0.7500005
     0.8000005      0.8000005      0.8000005      0.8000005      0.8000005      0.8000005      0.8000005      0.8000005      0.8000005      0.8000005      0.8000005      0.8000005      0.8000005      0.8000005      0.8000005      0.8000005      0.8000005      0.8000005      0.8000005      0.8000005      0.8000005
     0.8500006      0.8500006      0.8500006      0.8500006      0.8500006      0.8500006      0.8500006      0.8500006      0.8500006      0.8500006      0.8500006      0.8500006      0.8500006      0.8500006      0.8500006      0.8500006      0.8500006      0.8500006      0.8500006      0.8500006      0.8500006
     0.9000007      0.9000007      0.9000007      0.9000007      0.9000007      0.9000007      0.9000007      0.9000007      0.9000007      0.9000007      0.9000007      0.9000007      0.9000007      0.9000007      0.9000007      0.9000007      0.9000007      0.9000007      0.9000007      0.9000007      0.9000007
     0.9500008      0.9500008      0.9500008      0.9500008      0.9500008      0.9500008      0.9500008      0.9500008      0.9500008      0.9500008      0.9500008      0.9500008      0.9500008      0.9500008      0.9500008      0.9500008      0.9500008      0.9500008      0.9500008      0.9500008      0.9500008
     1.0000000      1.0000000      1.0000000      1.0000000      1.0000000      1.0000000      1.0000000      1.0000000      1.0000000      1.0000000      1.0000000      1.0000000      1.0000000      1.0000000      1.0000000      1.0000000      1.0000000      1.0000000      1.0000000      1.0000000      1.0000000
      0.00032193789960000      -0.00005404059630000      -0.00152786076100000      -0.00378155917900000      -0.00650217151300000      -0.00940773263600000      -0.01225957926000000      -0.01483779028000000      -0.01691530459000000      -0.01825645939000000      -0.01864315011000000      -0.01792226546000000      -0.01606284641000000      -0.01320642792000000      -0.00968995038400000      -0.00602191640100000      -0.00279518915300000      -0.00052401580610000       0.00048342457740000       0.00038641790160000
      0.00006992913404000      -0.00195511453800000      -0.00644530030000000      -0.01261579897000000      -0.01978945732000000      -0.02732266858000000      -0.03461159766000000      -0.04107877240000000      -0.04615191743000000      -0.04928024858000000      -0.04999694601000000      -0.04801501334000000      -0.04333311692000000      -0.03632102162000000      -0.02774944529000000      -0.01872998103000000      -0.01053876709000000      -0.00431570736700000      -0.00071810482770000       0.00029525501300000
     -0.00024757438220000      -0.00422069337200000      -0.01181008480000000      -0.02160864323000000      -0.03263390437000000      -0.04399771243000000      -0.05484917760000000      -0.06436767429000000      -0.07175236940000000      -0.07625404745000000      -0.07725670189000000      -0.07439266890000000      -0.06766659021000000      -0.05755890533000000      -0.04507185519000000      -0.03167539835000000      -0.01910951175000000      -0.00901129189900000      -0.00246877945000000       0.00011271447150000
     -0.00051309366240000      -0.00639519048900000      -0.01698197797000000      -0.03015257046000000      -0.04462483525000000      -0.05932767689000000      -0.07324992865000000      -0.08542151749000000      -0.09490016103000000      -0.10080417250000000      -0.10239599650000000      -0.09920060635000000      -0.09114001691000000      -0.07866396010000000      -0.06284336001000000      -0.04537345469000000      -0.02841080539000000      -0.01415973436000000      -0.00432337774000000      -0.00000472705551100
     -0.00073084462200000      -0.00834675692000000      -0.02167629451000000      -0.03790113330000000      -0.05546142161000000      -0.07314978540000000      -0.08986219764000000      -0.10455294699999999      -0.11620143800000000      -0.12382878360000001      -0.12656711039999999      -0.12377008800000000      -0.11515793950000000      -0.10099039230000000      -0.08224318177000001      -0.06072448567000000      -0.03901096061000000      -0.02002747171000000      -0.00635756691900000      -0.00007612192712000
     -0.00090610864570000      -0.01000439283000000      -0.02570363507000000      -0.04457640648000000      -0.06483167410000000      -0.08517261595000000      -0.10446125270000001      -0.12163881209999999      -0.13565863670000000      -0.14547093210000001      -0.15006291869999999      -0.14855056999999999      -0.14032982290000001      -0.12529896200000001      -0.10414370890000001      -0.07862309366000000      -0.05169148743000000      -0.02715123259000000      -0.00881499424600000      -0.00014238557200000
     -0.00103647494700000      -0.01130374055000000      -0.02889420278000000      -0.04989862069000000      -0.07235648483000000      -0.09493055940000000      -0.11650443080000000      -0.13606597479999999      -0.15259721879999999      -0.16501569750000000      -0.17217247190000001      -0.17291057109999999      -0.16620762650000001      -0.15143516660000000      -0.12875382599999999      -0.09961047769000000      -0.06715679169000000      -0.03613539785000000      -0.01199844293000000      -0.00024641808700000
     -0.00111425074300000      -0.01217881497000000      -0.03108184226000000      -0.05357364193000000      -0.07758797705000001      -0.10179424290000000      -0.12515066559999999      -0.14675295350000001      -0.16567820310000000      -0.18087717889999999      -0.19112004339999999      -0.19500404599999999      -0.19105976820000001      -0.17800924180000000      -0.15523587170000000      -0.12349747120000000      -0.08574559540000000      -0.04749614373000000      -0.01622160524000000      -0.00043562686190000
     -0.00113241840200000      -0.01258097310000000      -0.03213607892000000      -0.05533911660000000      -0.08007285744000001      -0.10505478829999999      -0.12936770919999999      -0.15227860209999999      -0.17304064329999999      -0.19073724750000001      -0.20417128500000001      -0.21180565660000000      -0.21179601549999999      -0.20218646530000001      -0.18137560780000000      -0.14898388090000000      -0.10711745170000000      -0.06150680408000000      -0.02178758942000000      -0.00077443080950000
     -0.00109275942700000      -0.01251577958000000      -0.03202973306000000      -0.05505948886000000      -0.07947670667999999      -0.10408498350000001      -0.12814015149999999      -0.15114542840000000      -0.17262074350000001      -0.19190795720000001      -0.20800815519999999      -0.21944685280000001      -0.22419868409999999      -0.21974968910000001      -0.20344237979999999      -0.17335300149999999      -0.12991321089999999      -0.07799788564000000      -0.02896693163000000      -0.00136652402600000
     -0.00101676804500000      -0.01209402177000000      -0.03093176521000000      -0.05285387486000000      -0.07574939728000001      -0.09855537117000000      -0.12075608970000000      -0.14215706289999999      -0.16263456640000001      -0.18191942570000000      -0.19939884540000000      -0.21391427520000000      -0.22356519100000000      -0.22558011110000001      -0.21640855070000001      -0.19238835570000001      -0.15145820380000000      -0.09609272331000000      -0.03795383871000000      -0.00239043030900000
     -0.00096310157100000      -0.01160010416000000      -0.02931749634000000      -0.04923412949000000      -0.06929272413000000      -0.08864888549000000      -0.10709595680000000      -0.12481234970000001      -0.14210604130000001      -0.15920065340000000      -0.17603136599999999      -0.19200524690000001      -0.20571002360000001      -0.21458064020000001      -0.21463514859999999      -0.20067718630000000      -0.16765363510000000      -0.11391389370000000      -0.04878207669000000      -0.00415231799700000
     -0.00106266920900000      -0.01159344707000000      -0.02809232846000000      -0.04522084817000000      -0.06106797606000000      -0.07517916709000000      -0.08779034764000000      -0.09953590482000001      -0.11120629310000001      -0.12356600910000000      -0.13718210159999999      -0.15219874680000001      -0.16801685089999999      -0.18281583490000000      -0.19292372469999999      -0.19234235580000000      -0.17319323119999999      -0.12834383550000000      -0.06116811186000000      -0.00715026212900000
     -0.00160047260600000      -0.01308059134000000      -0.02872307785000000      -0.04237991944000000      -0.05253890902000000      -0.05946293101000000      -0.06404811889000001      -0.06748815626000000      -0.07107778638999999      -0.07610050589000000      -0.08373191208000000      -0.09488756210000000      -0.10996028040000000      -0.12833242119999999      -0.14751726390000000      -0.16196110840000000      -0.16206155720000001      -0.13489249349999999      -0.07419879735000000      -0.01211372856000000
     -0.00321253575400000      -0.01781848632000000      -0.03331743553000000      -0.04259995371000000      -0.04517909139000000      -0.04261326417000000      -0.03678000346000000      -0.02954865620000000      -0.02270535007000000      -0.01796509139000000      -0.01698923670000000      -0.02135107853000000      -0.03240530565000000      -0.05094163492000000      -0.07638145238000001      -0.10512945059999999      -0.12796698510000001      -0.12754656370000000      -0.08567103744000000      -0.01991794072000000
     -0.00731792114700000      -0.02872890234000000      -0.04423496500000000      -0.04684744403000000      -0.03858938441000000      -0.02324712649000000      -0.00405255239500000       0.01638880745000000       0.03588809818000000       0.05245870352000000       0.06415305287000000       0.06896498054000000       0.06479673088000000       0.04960690066000000       0.02184981853000000      -0.01808101125000000      -0.06420832872000000      -0.09820470958999999      -0.09067601711000001      -0.03114093095000000
     -0.01675659418000000      -0.04945646971000000      -0.06088262796000000      -0.04987171292000000      -0.02424733527000000       0.00898533407600000       0.04521021619000000       0.08134354651000000       0.11511267720000000       0.14456976950000000       0.16777920720000000       0.18261316420000001       0.18661123509999999       0.17693072560000001       0.15034718810000000       0.10385760660000000       0.03745860979000000      -0.03497435153000000      -0.07871484756000000      -0.04482299834000000
     -0.03512087464000000      -0.07639753073000000      -0.06387025118000000      -0.02251253463000000       0.03088071384000000       0.08754725009000000       0.14296603199999999       0.19472928349999999       0.24131588640000001       0.28141209480000001       0.31355565790000001       0.33592420820000002       0.34605059030000002       0.34098792080000001       0.31681442259999998       0.26825872060000000       0.18962354960000000       0.08217772096000001      -0.02798250876000000      -0.05471965671000000
     -0.05276286975000000      -0.05010195076000000       0.03630212322000000       0.12719559670000000       0.21145185829999999       0.28659701350000000       0.35249242190000002       0.40965172649999998       0.45848989489999997       0.49899846320000002       0.53063285350000000       0.55225247140000000       0.56217980379999999       0.55785983800000005       0.53556424380000001       0.49003428220000000       0.41257208590000000       0.28938040139999999       0.11386472730000000      -0.02862999588000000
      0.16497276720000001       0.34393391010000002       0.48795950410000000       0.58799964189999998       0.65702229739999995       0.70796209570000002       0.74729967119999996       0.77836823460000004       0.80300354959999998       0.82206934690000000       0.83575063940000005       0.84372770789999996       0.84528857469999996       0.83925807480000003       0.82380551099999999       0.79578465220000005       0.74823671579999995       0.66281998160000000       0.49958744649999998       0.20255649090000000
     -0.00031956669410000      -0.00004048558912000       0.00022031286790000       0.00036708021070000       0.00043701031250000       0.00046258769000000       0.00045889263860000       0.00042466077140000       0.00034985566160000       0.00022468592210000       0.00004780985546000      -0.00016721111020000      -0.00038913523890000      -0.00057176087280000      -0.00066365499520000      -0.00062257639370000      -0.00042931549250000      -0.00010953228050000       0.00020833610320000       0.00037420060830000
      0.00002986500840000       0.00189273932500000       0.00363308051600000       0.00480151921500000       0.00540323182900000       0.00551642943200000       0.00519377226000000       0.00444232393100000       0.00325084733800000       0.00163445808000000      -0.00032349460530000      -0.00244460697300000      -0.00445396779100000      -0.00601219898100000      -0.00678458763300000      -0.00653773406500000      -0.00524219870600000      -0.00316354143400000      -0.00094285863450000       0.00047676792020000
      0.00159669376400000       0.00652622897200000       0.01070296299000000       0.01348944101000000       0.01487958897000000       0.01499934122000000       0.01394180954000000       0.01173289865000000       0.00838708505000000       0.00399794755500000      -0.00117885042000000      -0.00667706225100000      -0.01182600297000000      -0.01582602039000000      -0.01790077426000000      -0.01751217060000000      -0.01459698100000000      -0.00975858606400000      -0.00432110345000000      -0.00023672846150000
      0.00436411378900000       0.01373551879000000       0.02101678774000000       0.02569546923000000       0.02789112180000000       0.02782856487000000       0.02565721050000000       0.02143171802000000       0.01520920638000000       0.00718852086000000      -0.00216646958100000      -0.01205588970000000      -0.02135242894000000      -0.02871118486000000      -0.03279925510000000      -0.03263912722000000      -0.02801403217000000      -0.01981126890000000      -0.01009407081000000      -0.00186260906000000
      0.00825215876100000       0.02337869070000000       0.03435763717000000       0.04111576080000000       0.04407530650000000       0.04364409298000000       0.04005953670000000       0.03341389075000000       0.02380618453000000       0.01153294835000000      -0.00274676922700000      -0.01790967956000000      -0.03235946968000000      -0.04414350167000000      -0.05123511329000000      -0.05200607330000000      -0.04584863782000000      -0.03376805037000000      -0.01856982335000000      -0.00445208139700000
      0.01311731897000000       0.03518721089000000       0.05040885881000000       0.05942044407000000       0.06312566251000000       0.06221365184000000       0.05705124512000000       0.04777367786000000       0.03450111672000000       0.01758397184000000      -0.00218512932800000      -0.02342294343000000      -0.04409740865000000      -0.06160689890000000      -0.07306938618000000      -0.07590562105000000      -0.06873079389000000      -0.05234877020000000      -0.03025047109000000      -0.00812446046600000
      0.01878151298000000       0.04879118502000000       0.06873002648000000       0.08016757667000000       0.08465103805000000       0.08325061202000000       0.07650826126000000       0.06460449845000001       0.04764400423000000       0.02595726214000000       0.00036587260550000      -0.02760368027000000      -0.05557533726000000      -0.08030708134000000      -0.09791438282000001      -0.10450415310000000      -0.09735684842000000      -0.07651324570000000      -0.04592584819000000      -0.01315040141000000
      0.02503353357000000       0.06373795122000001       0.08876968175000000       0.10278995339999999       0.10812628270000001       0.10632517190000000       0.09815330058000001       0.08384083956000001       0.06343508512000000       0.03715693578000000       0.00572274299300000      -0.02936298959000000      -0.06554468720999999      -0.09904024750000000      -0.12489943210000000      -0.13756239410000001      -0.13226206600000001      -0.10736405100000000      -0.06668484956000000      -0.01996904053000000
      0.03162754327000000       0.07949979603000000       0.10986323650000000       0.12656639519999999       0.13282744590000001       0.13076020780000000       0.12141282859999999       0.10508073120000000       0.08172184229000000       0.05136257410000000       0.01447157282000000      -0.02766811661000000      -0.07256312668000001      -0.11612369120000000      -0.15244221690000001      -0.17407564819999999      -0.17343907059999999      -0.14589244130000001      -0.09384062886000000      -0.02918551117000000
      0.03829923645000000       0.09550426155000000       0.13124968109999999       0.15061008930000000       0.15778695050000000       0.15555198490000000       0.14530342820000000       0.12743714449999999       0.10181556640000000       0.06821344048000000       0.02672941051000000      -0.02178089507000000      -0.07518807054000000      -0.12947605549999999      -0.17813801770000001      -0.21193335950000000      -0.21984712779999999      -0.19255806510000001      -0.12876614929999999      -0.04157085344000000
      0.04480805993000000       0.11120381209999999       0.15212470289999999       0.17389304940000000       0.18179112670000000       0.17934602499999999       0.16838704050000000       0.14946810899999999       0.12238481640000000       0.08664947002999999       0.04191861302000000      -0.01155057084000000      -0.07230819762000000      -0.13691081110000000      -0.19888916609999999      -0.24774940309999999      -0.26891818639999998      -0.24670369919999999      -0.17259646949999999      -0.05806764960000000
      0.05101368949000000       0.12619319560000000       0.17173412439999999       0.19530743360000000       0.20342446859999999       0.20047964160000001       0.18881855910000001       0.16922265289999999       0.14147877689999999       0.10487733780000000       0.05863294750000000       0.00231603020800000      -0.06355939805999999      -0.13664378229999999      -0.21135948600000001      -0.27703511710000001      -0.31624785070000000      -0.30587267880000002      -0.22574049230000001      -0.07980082183999999
      0.05700377747000000       0.14037758110000001       0.18949458000000000       0.21374553439999999       0.22114244100000000       0.21707712109999999       0.20447768270000000       0.18440546099999999       0.15670059619999999       0.12050745640000000       0.07467363774999999       0.01811352000000000      -0.04970344529000000      -0.12791684270000001      -0.21273522080000001      -0.29482710359999997      -0.35570135710000000      -0.36520761250000000      -0.28716623780000000      -0.10808244350000000
      0.06331638247000000       0.15418614450000001       0.20509746670000001       0.22814211249999999       0.23331670460000001       0.22714160380000001       0.21312719580000000       0.19260181490000000       0.16548244660000000       0.13084244730000000       0.08728759736000000       0.03323074430000000      -0.03279352561000000      -0.11152301730000000      -0.20160713790000001      -0.29670876260000001      -0.38007453079999998      -0.41718819740000002      -0.35349377990000003      -0.14435504380000000
      0.07135131955000000       0.16878475250000000       0.21848019960000001       0.23736059670000001       0.23814445730000000       0.22853706779999999       0.21248310800000000       0.19143761690000000       0.16533298790000001       0.13320447499999999       0.09354831278000000       0.04451381043000000      -0.01596994698000000      -0.08995629102000000      -0.17863976960000000      -0.27994942670000000      -0.38224002720000000      -0.45194143060000003      -0.41803410650000000      -0.18992745880000000
      0.08411772549000000       0.18609185519999999       0.22942729290000000       0.23972599210000001       0.23326237499999999       0.21873176100000000       0.20008568469999999       0.17856779689999999       0.15394744280000000       0.12518845500000000       0.09077624232000001       0.04884497076000000      -0.00283566094000000      -0.06697755307000000      -0.14668782059999999      -0.24441462759999999      -0.35659408570000001      -0.45811694860000002      -0.46992409229999998      -0.24526216090000000
      0.10754904150000000       0.20808838310000000       0.23611906169999999       0.23153659700000001       0.21463808420000000       0.19413042070000000       0.17298035319999999       0.15161626040000001       0.12936075029999999       0.10502634199999999       0.07715000957000000       0.04405158758000000       0.00376324891100000      -0.04635367915000000      -0.11000256240000000      -0.19285392760000000      -0.30058363080000000      -0.42372202869999998      -0.49307179449999999      -0.30819061399999997
      0.15275008979999999       0.23357270660000001       0.22911052409999999       0.20230005679999999       0.17398649450000001       0.14902551470000000       0.12759248910000001       0.10859631750000000       0.09069355577000000       0.07253922522000000       0.05281856656000000       0.03021039255000000       0.00322698312800000      -0.02986041270000000      -0.07221508025999999      -0.12989473339999999      -0.21498191359999999      -0.33859753609999999      -0.46449890729999999      -0.36795946959999998
      0.23120687900000000       0.23854999239999999       0.17819888889999999       0.13305287060000001       0.10175912080000001       0.07984815537999999       0.06400354207000000       0.05177847296000000       0.04147029668000000       0.03186792880000000       0.02204448730000000       0.01123235840000000      -0.00135436607500000      -0.01648371294000000      -0.03581746295000000      -0.06311229616000000      -0.10939750819999999      -0.20092006030000001      -0.35408130290000001      -0.38738495109999999
      0.22271095220000001       0.12233884630000000       0.06195879728000000       0.03415514901000000       0.02016568929000000       0.01244448218000000       0.00800450053100000       0.00525050563700000       0.00330582633600000       0.00169281801200000       0.00013585665150000      -0.00153955863800000      -0.00343075883600000      -0.00580878276400000      -0.00892114080500000      -0.01383952610000000      -0.02426742576000000      -0.05322933197000000      -0.13340836759999999      -0.27119183540000003
      1.00000326981945942       0.99995719188161125       0.99989901937698211       0.99987831683483430       0.99988940650123925       0.99990216788120068       0.99991239019666533       0.99992330673380614       0.99993732216740006       0.99995589457481904       0.99997988903476209       1.00000934875050396       1.00004321987564526       1.00007914693074929       1.00011646679885779       1.00028561292586438       1.00394663846821164       1.04678109508156747       1.22065804830276470       1.67599782255683172
      0.99999017385826794       0.99996102408290732       1.00006279097560014       1.00007102575666740       1.00007305343823738       1.00007026488557660       1.00006115230948245       1.00004802853457697       1.00003176065150678       1.00001251305566319       0.99999084003049299       0.99996796283218869       0.99994572405161319       0.99992653045447166       0.99991387177933855       0.99992736288779971       1.00066662740831469       1.01731862827797714       1.17522915323023081       1.66554115159978111
      1.00006171517182363       0.99988534579277399       0.99999864225969615       0.99998540964958860       0.99998006272703366       0.99998224161855909       0.99998406014820396       0.99998592826663146       0.99998846466052704       0.99999190391190740       0.99999655876522076       1.00000259232627187       1.00000976867498381       1.00001733334543585       1.00002427971813090       1.00003225209376989       1.00021750573121504       1.00663735523682951       1.10752626283028355       1.64258968340911937
      1.00010974599319113       0.99987597821744201       1.00002064154822445       1.00000395175582479       0.99999536581068338       0.99999576974492221       0.99999542921436291       0.99999464106712110       0.99999403928495856       0.99999385566796783       0.99999454206414529       0.99999649573563598       0.99999972887259192       1.00000389402198664       1.00000857103535767       1.00001358207406343       1.00005411737628425       1.00219949696470434       1.05502126190646806       1.53486020498064857
      1.00012083087326897       0.99986640219985246       1.00003117637500560       1.00001274985258148       1.00000270409446657       1.00000245273805577       1.00000127083976675       0.99999946040589804       0.99999758389677451       0.99999575621564429       0.99999442515737769       0.99999416269451380       0.99999515493298241       0.99999736462596978       1.00000096759473922       1.00000620429640086       1.00001761708697168       1.00086454270577963       1.02967254930714835       1.41758133574567657
      1.00012163759008321       0.99986183430272602       1.00003430182525865       1.00001425765291430       1.00000367398041456       1.00000352054148278       1.00000250909886046       1.00000092324057577       0.99999922448749723       0.99999738411077799       0.99999577070887047       0.99999501539549218       0.99999541615671539       0.99999709266588410       1.00000062754433072       1.00000683655409706       1.00001130686076056       1.00042035731023327       1.01836069700902865       1.33592719335028742
      1.00011869584083124       0.99986388898078971       1.00003625537321139       1.00001533889065697       1.00000492026816001       1.00000508373748698       1.00000443191450161       1.00000327096251018       1.00000193714753660       1.00000025748553623       0.99999844018494699       0.99999707957142647       0.99999671460866535       0.99999765282953401       1.00000086035009206       1.00000780091549668       1.00001029303637878       1.00022817525808727       1.01234048474327909       1.27886148672601418
      1.00011212149743245       0.99987006771816433       1.00003699838746485       1.00001598562563365       1.00000624782728575       1.00000687016776912       1.00000674210029405       1.00000619377975708       1.00000545181419032       1.00000419485135406       1.00000238515154938       1.00000047650225787       0.99999926860156030       0.99999930895706013       1.00000201506265252       1.00000941522162279       1.00001105762170428       1.00013278312496978       1.00870270733001699       1.23545277926732844
      1.00010232778826214       0.99987842444916841       1.00003630014806677       1.00001591458840755       1.00000715502625437       1.00000826566234791       1.00000870651400842       1.00000886045227455       1.00000886728157212       1.00000825614541489       1.00000674018310587       1.00000456103565405       1.00000254959947243       1.00000167027117448       1.00000389803070888       1.00001173407570487       1.00001225456007492       1.00008240442486684       1.00636029718183617       1.20071092561688841
      1.00009042615199828       0.99988705826162083       1.00003431835767764       1.00001524427398869       1.00000751486968076       1.00000894786545991       1.00000977297589033       1.00001044893177027       1.00001105819600777       1.00001103991293538       1.00000990490909603       1.00000764290010768       1.00000483686371067       1.00000305351294361       1.00000498011565142       1.00001367135527630       1.00001225040089148       1.00005333797328944       1.00480869574075138       1.17215949385480789
      1.00007827447156417       0.99989328583924719       1.00003145007508620       1.00001431640457361       1.00000736460362871       1.00000873343255203       1.00000951187211662       1.00001023106282605       1.00001095537931661       1.00001109686736922       1.00000996871158576       1.00000730472512611       1.00000365100569177       1.00000098494989764       1.00000280869449099       1.00001319385089604       1.00000916160058484       1.00003135842266389       1.00377453835445074       1.14837454995374899
      1.00006831875633639       0.99989299074079752       1.00002848528006449       1.00001383697830559       1.00000698759811879       1.00000771498720309       1.00000784251190367       1.00000795908273887       1.00000810291125064       1.00000765533265779       1.00000560658742033       1.00000143968278854       0.99999656612437737       0.99999296887497491       0.99999474850618075       1.00000765244154133       1.00000099308788437       1.00000692242100664       1.00308752874920404       1.12842230227653006
      1.00006176480420739       0.99987988226978575       1.00002699719951393       1.00001514275717751       1.00000702627232663       1.00000631650432248       1.00000514340825664       1.00000407720414675       1.00000306318946341       1.00000127455395593       0.99999710474655512       0.99998956631992486       0.99998185284007879       0.99997700734666972       0.99997877779200062       0.99999430394705957       0.99998515020886602       0.99997594741461138       1.00262434570683934       1.11162763049057856
      1.00005384124611596       0.99984648746784499       1.00003067514672273       1.00002067078671386       1.00000836517882452       1.00000507650981807       1.00000214090426875       0.99999979619465917       0.99999771079156208       0.99999450906356357       0.99998730959176840       0.99997271302865764       0.99995668243495517       0.99995055875234340       0.99995297347204448       0.99997001922068829       0.99995721021838657       0.99994404405893789       1.00228619791595785       1.09748517729401707
      1.00003108546878616       0.99979363873019811       1.00004274003566018       1.00002785271781280       1.00000701549718629       1.00000113472532037       0.99999755334972340       0.99999542382862272       0.99999405499231131       0.99999142021385345       0.99998291181268983       0.99995559850516180       0.99990897862638062       0.99991155037578594       0.99991661256735154       0.99993365547748581       0.99991520438356962       0.99992532814961199       1.00199807629275117       1.08564564279434150
      0.99996326884496012       0.99973755870268111       1.00004389586371567       1.00001869548984512       0.99999161589809282       0.99998700347118663       0.99998584801095047       0.99998649883827917       0.99998811058250969       0.99998839117340943       0.99998372645671008       0.99996809030885281       0.99992722910592968       0.99988860119218581       0.99987683533092486       0.99989277892442818       0.99986980457308172       0.99989053747226120       1.00169719265387025       1.07593732331273806
      0.99964478461514417       0.99965083893894868       1.00006937829849196       1.00008119788815808       1.00004644613760330       1.00002961887512520       1.00001751434682395       1.00000981193739547       1.00000464395618116       0.99999911227344263       0.99999100459649015       0.99997808888049422       0.99995642298591014       0.99990202306938414       0.99984096646665555       0.99982415270599745       0.99974403450987515       0.99975704802184318       1.00129511763275003       1.06828025134052318
      0.99865124288903373       0.99983213834493201       1.00038219828479913       1.00038861799933843       1.00031456708368749       1.00024799970730083       1.00019331118535537       1.00014942480485436       1.00011340327063225       1.00008172034278342       1.00005097660165765       1.00002747612648091       1.00000530507241847       0.99995015343637450       0.99988104516115583       0.99978259814579351       0.99955944349973513       0.99960874190102178       1.00072968223464520       1.06253087364688081
      1.00305389048155935       1.00214227077278828       0.99894542711460410       0.99922525346750168       0.99945179128849049       0.99960874811913347       0.99972147810238399       0.99980096764555826       0.99986034034979854       0.99991084729835777       0.99996117851587574       1.00001207484794352       1.00006622564491310       1.00016309649835189       1.00029548426463277       1.00047317744080999       1.00073145013270937       1.00106623975736242       0.99975652148157845       1.06067239969661187
      0.99522657493314459       1.00293114109519310       0.99979164763323014       0.99986538790726265       1.00010564235890231       1.00011376640061767       1.00008935971120705       1.00007276345715068       1.00005846545097810       1.00004410396113963       1.00002856739373103       1.00000933738162723       0.99998469972084880       0.99995886817750401       0.99993455818036936       0.99992737491087225       0.99996727907536953       0.99968930620118968       0.99826935013357732       1.06834147846995697
      0.05499490231003046       0.14805766879435889       0.22217230869841287       0.28083909940719110       0.32674979509620017       0.36217445599379872       0.38910748807783846       0.40933690672583567       0.42444874788919751       0.43581004558081293       0.44455543861367919       0.45158761329648878       0.45759357734348582       0.46307364126114414       0.46837346899841725       0.47364814507009623       0.47727660178481279       0.46098949728564509       0.37869309039403787       0.15700311657568322
      0.05606214536883980       0.15066494142871611       0.22568885461586552       0.28489497705149103       0.33092047690688486       0.36608376107064744       0.39248598185192352       0.41203654101441312       0.42643273096726042       0.43712692824897037       0.44530693379085640       0.45189904591828178       0.45759220327336170       0.46287502929857505       0.46807620977273168       0.47339203094734583       0.47856754512094524       0.47581817383609371       0.40156043044065592       0.16213960158184437
      0.05775785824243362       0.15501178744752231       0.23154974678803886       0.29144014904162530       0.33740552488130315       0.37193234549720655       0.39731945264046398       0.41566891361708813       0.42884142123256652       0.43840924429003525       0.44563444908372229       0.45148008208871548       0.45664559840246077       0.46161388599322506       0.46669637181891699       0.47206912953353153       0.47771212049865552       0.48049129625177245       0.43547125517804530       0.17340753587206525
      0.05982413825762722       0.16007170478801636       0.23823829716361600       0.29870880925255650       0.34437202713661774       0.37794589678661583       0.40197649035982119       0.41879311471089287       0.43044195272472896       0.43862898195647659       0.44470114270203265       0.44966861328000396       0.45425224912527562       0.45893693585289197       0.46401670573393561       0.46962978659037169       0.47577097663093604       0.48129022424899803       0.46128880286752716       0.22716927292314404
      0.06198893665277749       0.16521341750158469       0.24490890443684821       0.30576138706854961       0.35087570376569810       0.38323406318439956       0.40565028027784444       0.42069227863534520       0.43059766961399337       0.43721203620048521       0.44197684258765579       0.44596402076855124       0.44993365252779305       0.45438885208272906       0.45961497655414629       0.46570694806947666       0.47259648868598025       0.47967063581174729       0.47282223070553553       0.28559208089718857
      0.06402003163985270       0.16995439468479401       0.25094838080544413       0.31195524947750697       0.35631015323538284       0.38726128180851194       0.40788665411387526       0.42098780693997839       0.42899141326528512       0.43388581249576408       0.43721746500665981       0.44013711139851708       0.44346497229102333       0.44774389256544789       0.45326748085822000       0.46009260668336693       0.46806263061437547       0.47664524905855887       0.47666627189228239       0.32592200767970503
      0.06576774699317356       0.17397751143661988       0.25597159034892036       0.31691288719050159       0.36035056345270433       0.38977691957135807       0.40851310520030482       0.41957799979424559       0.42557868751138894       0.42864643663158641       0.43044052898602592       0.43220522766038549       0.43484168510956278       0.43895901476213328       0.44488812967495162       0.45267021792212081       0.46205866199034629       0.47244680142659679       0.47722036806262946       0.35369463149226499
      0.06713730988887334       0.17708728996647516       0.25975694966319651       0.32044060726202128       0.36286440459830749       0.39072784061900190       0.40756190323480779       0.41657741531234060       0.42054550853693373       0.42173254549001127       0.42191024871541205       0.42242313705651469       0.42427075989685736       0.42816082564670821       0.43450852793681594       0.44338949242345671       0.45449378437932508       0.46706919217470155       0.47591835247468206       0.37440433952049146
      0.06807377695230910       0.17917851456597134       0.26219679032337184       0.32246660603624711       0.36384437767511035       0.39019235899087146       0.40521061848157236       0.41226697435267556       0.41426855180601518       0.41359544425650574       0.41211615178222583       0.41126865809049462       0.41216092385957870       0.41563679742826387       0.42226558716562645       0.43224617318826197       0.44527634769981117       0.46043453630042219       0.47325259630615979       0.39055341269762078
      0.06856143578539753       0.18022797837578142       0.26327688900852420       0.32300908847798737       0.36336739286264652       0.38833350211989237       0.40173188349440425       0.40704219293603960       0.40726460183341961       0.40485269806673641       0.40173611390501807       0.39942046625953598       0.39911808900539925       0.40184438655807897       0.40841296190842191       0.41928354677360347       0.43429925232095856       0.45240637834062436       0.46938685969045046       0.40336981053642840
      0.06862869690153428       0.18030314582070039       0.26307630645239388       0.32216362481888572       0.36156740353031391       0.38535688026015580       0.39743688946145217       0.40134474884731253       0.40011398166631240       0.39621202306796521       0.39157338974134115       0.38772260782316004       0.38594741893105133       0.38745084564342902       0.39338283442011679       0.40464774440084084       0.42146598022750081       0.44279323062930254       0.46432029191484370       0.41353943849569674
      0.06835984477612300       0.17958292662277120       0.26178222428943720       0.32010212888918943       0.35861446828673393       0.38146662531662567       0.39260624941854427       0.39556774035727882       0.39334566769818202       0.38834678023723002       0.38243851855292543       0.37709512565734582       0.37361687444328096       0.37336242855744117       0.37787142594585754       0.38869275759100852       0.40676663978702232       0.43137425636265136       0.45794341513672832       0.42148788385482916
      0.06791060542714944       0.17838694434630842       0.25971209418636476       0.31707712581057657       0.35469400156421294       0.37681466784374429       0.38740450510318114       0.38993321394654823       0.38727776366674815       0.38170475675184068       0.37493964689062365       0.36832873643465980       0.36309148892540377       0.36064104033719124       0.36286046884304612       0.37208043315257422       0.39038442599228595       0.41794664786095637       0.45005739254061128       0.42749299339575164
      0.06752253141616615       0.17719299353878337       0.25731665757759847       0.31340117204685736       0.34995785494884568       0.37141922315368525       0.38176049806339130       0.38432758031319880       0.38180319366371718       0.37624140590681865       0.36916407925971262       0.36172665836381601       0.35497111247162361       0.35020157711058220       0.34945380759374578       0.35578340649309281       0.37278787347115883       0.40238077577778553       0.44036627277433937       0.43171389860461373
      0.06750519140435829       0.17657466188332993       0.25507913678995475       0.30929976844317886       0.34433938190007229       0.36494927006810851       0.37512314542369674       0.37802761018815001       0.37608214204932666       0.37107190375745891       0.36427787769249054       0.35664021504444898       0.34897106296807934       0.34227615511367515       0.33845060432770369       0.34089346251600716       0.35475394929874071       0.38467555562990674       0.42843920317479878       0.43415113280583784
      0.06811112321123791       0.17687727305046752       0.25304073759650048       0.30431047454113880       0.33690112129767391       0.35607986053184204       0.36585618347858073       0.36914865047862255       0.36804808251292209       0.36402931153901519       0.35811662618832241       0.35103084877130164       0.34336194934952469       0.33580511514209932       0.32972568578837658       0.32819359294023920       0.33727824802486173       0.36504728838575728       0.41365807045768466       0.43453365428006807
      0.06921396485789266       0.17715041736770198       0.24913138407926783       0.29540950763458962       0.32408416190062528       0.34100362566949294       0.35004624164720366       0.35374226935353148       0.35377094990458691       0.35126071260669223       0.34697418750975262       0.34143557464101515       0.33504294173203819       0.32822692882077642       0.32174897075831044       0.31763085664326829       0.32143341011315696       0.34404441102385752       0.39517721197015987       0.43219999142755328
      0.06904176180979926       0.17170665199667623       0.23521217725830690       0.27379306513244117       0.29751051127433636       0.31214151213074426       0.32092802768439244       0.32576922336504754       0.32784072968891065       0.32790375487117418       0.32646779076170340       0.32387907864774934       0.32040365762165035       0.31628431122838774       0.31183947624288888       0.30794458293826044       0.30801562762123413       0.32268574604955524       0.37186627144312800       0.42601986528261382
      0.05534918133451450       0.14370097527098435       0.19654200203619432       0.22747825121535337       0.24837823801358072       0.26329136813860088       0.27425726138475515       0.28241763141498111       0.28846120478274939       0.29283625343976005       0.29585321711025225       0.29774140206813138       0.29868155348038594       0.29877834512805324       0.29819087970141134       0.29709513030925228       0.29644015125970713       0.30207627440606233       0.34245438866434930       0.41320604337720801
      0.03765428472021726       0.08665499843851177       0.13036713695641844       0.16162611929155146       0.18633150474209537       0.20658416818927983       0.22331809095538091       0.23722298684339205       0.24880642792849261       0.25844147363211611       0.26641588084074874       0.27295729636873123       0.27825724997058787       0.28245268917498023       0.28570414896191265       0.28800289155701231       0.28989474230800094       0.29058326797555234       0.30720230849361874       0.38963228873360634
